19388
0
0
36734
52079
0
0
0
36734
52079
0
0
0
36734
52079
0
0
0
36734
52079
0
0
0
32815
52079
0
0
0
32815
0
0
0
0
32815
0
73913
0
0
32815
0
73913
0
0
32815
0
73913
0
0
32815
0
73913
0
0
19388
0
73913
0
0
0
0
73913
0
0
0
0
0
0
0
0
0
0
0
0
0
0
0
0
0
0
0
0
0
0
0
0
0
0
0
0
0
0
0
0
0
0
64720
0
0
0
0
64720
0
0
0
0
64720
0
0
0
0
64720
0
0
0
0
64720
0
0
0
0
64720
0
0
0
0
0
0
0
0
0
0
0
0
0
0
0
0
0
0
0
0
0
0
35811
0
0
0
0
35811
18698
0
0
0
35811
0
0
0
0
35811
0
0
0
0
35811
0
0
0
0
35811
0
0
0
0
0
0
0
0
0
0
0
0
0
0
0
0
0
0
0
0
0
0
0
0
0
0
0
0
0
0
0
0
0
0
0
0
0
0
0
0
0
0
0
0
0
0
0
0
0
0
0
0
0
0
0
0
0
0
17772
0
0
0
0
17772
0
0
0
0
17772
0
0
0
0
17772
0
0
0
0
17772
0
0
0
0
17772
0
0
0
0
0
0
0
0
0
0
17164
0
0
0
0
35681
56189
0
0
0
35681
56189
17903
0
0
35681
56189
0
0
0
35681
56189
0
0
0
35681
56189
0
0
0
19168
56189
0
0
0
17903
53370
0
0
0
17903
53370
0
0
0
17903
53370
0
0
0
17903
53370
0
0
0
17903
53370
0
0
0
0
53370
0
0
0
0
0
0
0
0
0
0
36955
0
0
0
0
36955
0
0
0
0
36955
0
0
0
0
36955
0
0
0
0
36955
0
0
0
0
36955
0
0
0
0
71644
0
0
0
0
71644
0
0
0
0
71644
0
47445
0
0
71644
0
47445
19356
0
71644
0
47445
0
0
71644
0
47445
0
0
0
0
47445
0
0
0
0
47445
0
0
0
0
54176
0
0
0
0
54176
16491
0
0
0
54176
37682
0
0
0
54176
37682
0
0
0
54176
37682
0
0
0
54176
37682
0
0
0
0
37682
0
0
0
0
0
0
0
0
0
0
0
0
0
0
0
0
0
0
0
0
0
0
0
0
0
0
0
0
0
0
0
0
0
0
0
0
0
0
0
0
0
0
0
0
0
0
0
0
0
0
0
0
0
0
0
0
0
0
0
0
0
0
0
0
16505
0
0
0
0
0
68227
0
0
0
0
68227
0
0
0
0
68227
0
0
0
0
68227
0
0
0
0
68227
0
0
0
35085
68227
0
0
0
34446
73785
0
0
0
34446
73785
0
0
0
34446
73785
0
0
0
34446
73785
0
0
0
34446
73785
0
0
0
28199
73785
0
0
0
28199
17835
0
0
0
28199
17835
0
0
0
28199
17835
0
0
0
28199
17835
0
0
0
28199
17835
0
0
0
0
17835
0
0
0
0
17205
0
0
0
0
0
0
0
0
0
0
0
0
0
0
0
0
0
35423
0
0
0
0
35423
0
0
0
0
35423
0
0
0
0
35423
0
0
35297
0
35423
0
0
35297
0
35423
0
0
35297
0
0
0
0
35297
0
0
0
0
35297
0
0
0
0
35297
0
0
0
0
0
0
0
0
0
0
0
0
0
0
0
0
54049
0
0
0
0
54049
0
0
0
0
54049
0
0
0
0
54049
0
0
0
0
54049
0
0
0
0
54049
0
0
0
0
19284
0
0
0
0
19383
0
0
0
0
19383
0
0
0
0
19383
0
0
0
0
19383
0
0
0
0
19383
0
0
0
0
0
0
0
0
0
0
75227
0
0
0
0
75227
0
0
0
0
75227
0
0
0
0
75227
0
0
0
0
75227
0
0
0
0
75227
0
0
0
0
0
0
0
0
0
0
0
0
0
0
0
0
67791
0
0
0
0
67791
0
0
0
0
67791
0
54389
0
0
67791
0
54389
0
0
67791
0
54389
0
0
67791
0
54389
0
0
0
0
54389
0
0
0
0
54389
0
0
0
0
0
0
0
0
0
0
0
0
0
0
0
0
35559
0
0
0
0
35559
0
0
0
0
35559
0
19177
0
0
35559
0
0
0
0
35559
0
0
0
0
35559
0
0
0
0
0
0
0
0
0
0
0
0
0
0
0
35098
37224
0
0
0
35098
37224
0
0
0
35098
37224
0
0
0
35098
37224
0
0
0
35098
37224
0
0
0
0
37224
0
0
0
0
50822
0
0
0
0
50822
0
0
0
0
50822
0
0
0
0
50822
0
0
0
0
50822
0
0
0
0
50822
0
0
0
0
0
0
0
0
0
0
0
0
0
0
0
0
0
0
0
0
0
0
0
0
0
0
0
0
0
0
0
0
0
0
0
0
0
0
0
0
0
0
0
0
0
0
0
0
0
0
0
18698
0
0
0
0
18698
0
0
0
0
18698
0
0
17893
0
18698
0
0
0
0
18698
0
0
0
0
36612
0
0
0
0
0
18599
0
0
0
0
18599
0
0
0
0
18599
0
0
0
0
18599
0
0
0
0
18599
0
0
0
0
18599
0
0
0
0
0
0
0
0
0
0
17928
0
0
0
0
17928
0
0
0
0
17928
19042
0
0
0
17928
19042
0
0
0
17928
19042
0
0
0
17928
19042
0
0
0
0
19042
0
0
0
0
0
0
0
0
0
0
0
0
0
0
0
0
0
0
0
0
0
0
0
0
0
0
0
19383
0
0
0
0
19383
0
0
0
0
19383
0
0
36347
0
19383
0
0
35482
35819
19383
0
0
35482
35819
0
0
0
35482
35819
0
0
0
35482
35819
0
0
0
35482
35819
0
0
0
0
35819
0
0
0
15836
18399
0
0
0
15836
18399
32424
0
0
15836
18399
32424
0
0
15836
18399
32424
0
0
15836
18399
32424
0
0
0
18399
32424
0
0
0
0
32424
0
0
0
0
0
0
0
0
0
0
0
0
0
0
0
0
0
0
0
0
0
0
0
0
0
0
0
0
18668
0
0
0
0
0
54389
0
0
0
0
54389
0
0
0
0
54389
19201
0
0
0
54389
19201
0
0
0
54389
19201
0
0
0
54389
19201
0
0
0
0
19201
0
0
0
0
0
0
0
0
0
0
0
0
0
0
0
0
17935
0
0
0
0
17935
0
0
0
0
17935
0
0
0
0
17935
0
0
0
0
17935
0
0
0
0
17935
0
0
0
0
0
0
0
0
0
0
0
0
0
0
0
0
0
0
0
0
0
0
0
0
0
0
0
0
0
0
0
0
0
0
0
0
0
0
0
0
0
0
0
0
0
0
19284
0
0
0
0
0
0
0
0
0
0
19168
68350
0
0
0
19168
68350
0
0
0
19168
68350
19383
0
0
19168
68350
19383
0
0
19168
68350
19383
0
0
19168
68350
19383
0
0
0
0
19383
0
0
0
0
54715
0
0
0
0
54715
0
0
0
0
54715
0
0
0
0
54715
0
0
0
0
54715
0
0
0
18556
54715
0
0
0
0
0
0
0
0
0
0
18622
0
0
0
0
0
0
0
0
0
0
0
0
0
0
0
0
0
0
0
0
0
0
0
0
0
0
0
0
0
0
0
0
0
0
0
0
0
0
0
0
0
0
0
0
0
0
0
0
0
0
0
0
0
0
0
0
0
0
0
0
0
0
0
0
18506
70937
0
0
0
18506
70937
18698
0
0
18506
70937
18754
0
0
18506
70937
18754
0
54704
18506
70937
18754
0
54704
37130
70937
18754
0
54704
0
0
18754
0
54704
0
0
0
0
54704
0
0
0
0
54704
0
0
0
0
0
0
0
0
0
0
0
0
0
0
0
0
0
0
0
0
0
0
0
0
0
0
0
0
0
0
0
0
0
0
0
0
0
0
0
0
0
0
0
0
0
0
0
0
0
0
0
0
0
0
0
0
0
0
0
0
0
0
0
0
19378
0
0
0
0
0
0
0
0
0
0
0
0
0
0
0
0
0
17147
0
0
0
0
0
0
0
0
0
0
0
0
0
0
0
0
0
73472
0
0
0
0
73472
69121
0
0
0
73472
69121
0
0
0
73472
69121
0
19312
0
73472
69121
0
0
0
73472
69121
0
0
0
0
69121
0
0
0
0
0
0
0
0
0
0
53197
0
0
0
0
53197
0
0
0
0
53197
0
0
0
0
53197
0
0
0
0
53197
0
0
0
17472
53197
0
0
0
0
0
0
0
0
0
0
0
0
0
0
0
0
0
0
0
0
0
0
0
0
0
0
0
0
19388
0
0
0
0
18689
0
0
0
0
18689
0
0
0
0
18689
0
0
0
0
18689
0
0
0
0
18689
0
0
0
0
17803
0
0
0
0
17803
0
0
0
0
17803
0
0
0
0
17803
0
0
0
0
17803
0
0
0
0
17803
0
0
0
0
0
0
0
0
0
0
0
0
0
0
0
0
70814
0
0
0
0
70814
0
0
0
0
70814
0
0
0
0
70814
0
0
0
0
70814
0
0
0
33466
70814
0
0
0
0
0
0
0
0
0
0
0
0
0
0
0
0
0
0
0
0
0
0
0
0
0
0
0
0
0
0
0
0
0
0
0
0
0
0
0
0
0
0
0
0
0
0
0
0
0
0
0
0
0
0
0
0
0
0
0
0
0
0
0
0
0
0
0
0
0
0
0
0
0
0
0
0
0
0
0
0
0
0
55477
0
0
0
0
55477
0
0
0
0
55477
0
0
0
0
55477
0
0
0
0
55477
0
0
0
0
55477
0
0
0
0
0
0
0
0
0
0
0
0
0
0
0
0
0
0
0
0
0
0
54704
0
0
0
0
54704
0
0
0
0
54704
0
0
0
0
54704
0
0
18754
0
54704
0
0
19168
0
54704
0
0
19168
0
0
0
19168
0
18510
0
19168
0
19168
0
19168
0
19168
0
0
19168
0
0
19168
0
0
0
19168
0
0
0
19168
0
0
0
0
0
0
0
0
0
0
0
0
0
0
0
17935
0
0
0
0
17935
0
0
0
0
17935
0
0
0
0
17935
0
0
0
0
17935
0
0
0
0
17935
0
0
0
0
0
0
0
0
0
0
0
0
0
0
0
0
0
0
0
0
0
0
0
0
0
0
0
0
0
0
0
0
0
0
0
0
0
0
0
0
0
0
0
0
0
0
72214
0
0
0
0
72214
52471
0
0
0
72214
52471
53250
0
0
72214
52471
53250
0
0
72214
52471
53250
0
0
72214
52471
53250
0
0
31547
52471
53250
0
0
31547
0
53250
0
0
31547
0
0
0
0
31547
0
0
0
0
31547
0
0
0
0
31547
0
0
0
0
0
0
0
0
0
0
0
0
0
0
0
0
0
0
0
0
0
0
0
0
0
0
0
0
15836
0
0
0
0
0
0
0
0
0
0
0
0
0
0
0
0
0
0
0
0
0
0
0
0
0
0
0
0
0
0
0
0
0
0
17727
51784
0
0
0
17727
51784
17842
0
0
17727
51784
17147
0
0
17727
51784
17147
0
0
17727
51784
17147
0
0
17727
51784
17147
0
0
0
0
17147
0
0
0
0
0
0
0
0
0
0
0
0
0
0
0
0
0
0
0
0
0
33369
0
0
0
0
33369
0
0
0
0
33369
0
0
0
0
33369
0
0
0
0
33369
0
0
0
0
0
0
0
0
0
0
0
0
0
0
0
0
0
0
0
0
0
0
0
0
0
0
0
0
0
0
0
0
0
0
0
0
0
0
0
0
0
0
0
0
0
0
0
0
0
0
0
0
0
0
0
0
0
0
0
0
0
0
0
0
0
0
0
0
0
0
0
0
0
0
0
0
0
0
0
0
0
0
0
0
0
0
0
0
0
0
0
0
0
0
36954
0
0
0
0
0
0
0
0
0
0
0
0
0
0
0
0
0
0
0
0
0
0
0
0
0
0
0
0
0
0
0
0
0
0
0
0
0
0
0
0
0
31169
0
0
0
0
31169
0
0
0
0
31169
0
0
0
0
31169
0
0
54104
0
31169
0
0
54104
0
31169
0
0
54104
0
16535
0
0
54104
0
0
0
0
54104
0
0
0
18538
54104
0
0
0
0
0
0
0
0
0
0
0
0
0
0
0
0
0
0
0
0
0
0
0
0
0
0
0
0
0
0
0
0
0
0
0
0
0
0
0
0
0
0
0
0
0
0
0
0
0
0
0
0
0
0
0
0
0
33369
0
0
0
0
33369
0
0
0
0
33369
0
0
0
0
33369
0
0
0
17400
33369
0
0
0
17400
0
0
0
0
17400
0
0
0
0
17400
0
0
19385
0
17400
0
0
19383
0
17400
0
0
19383
0
0
0
0
19383
0
0
52539
0
19383
0
0
52539
0
19383
0
0
52539
0
0
0
0
52539
0
0
0
0
52539
0
0
0
19168
52539
0
0
0
18495
0
0
0
0
18495
0
0
0
0
18495
0
0
0
0
18495
0
0
0
0
18495
0
0
0
0
0
0
0
0
0
0
0
0
0
0
0
37432
0
0
0
0
37432
0
0
0
0
37432
0
0
51440
0
37432
0
0
51440
0
37432
0
0
51440
0
0
0
0
51440
0
0
19388
0
51440
0
0
0
0
51440
0
0
0
0
0
0
0
0
0
19385
0
0
0
0
19385
0
0
0
0
19385
0
0
0
0
19385
0
0
0
0
19385
0
0
0
19284
0
0
0
0
19284
0
0
0
0
19284
0
0
0
0
19284
0
0
0
0
19284
0
0
0
0
0
0
0
0
0
0
36601
0
0
0
0
36601
0
0
0
0
36601
0
17903
0
0
36601
0
0
0
0
36601
0
0
0
0
36601
0
0
0
0
54805
0
0
0
0
54805
0
0
0
54805
0
0
0
54805
0
0
0
54805
0
0
0
54805
0
0
0
0
0
0
0
0
0
0
0
0
0
0
0
0
0
0
0
0
0
0
0
0
0
0
0
0
0
0
0
0
0
0
0
0
0
0
0
0
0
0
0
0
0
0
0
0
0
0
0
0
0
0
0
0
0
0
0
0
0
0
0
0
0
0
0
0
0
0
0
0
0
0
0
0
0
0
0
0
0
0
0
0
0
0
0
0
0
0
0
0
0
0
0
0
0
0
70975
0
0
0
0
70975
0
0
0
0
70975
0
32670
0
0
70975
0
32670
0
0
70975
0
32670
0
32769
70975
0
32670
0
0
17525
0
32670
0
0
17525
0
32670
0
0
17525
0
0
0
0
17525
0
0
0
0
17525
0
0
0
0
17525
0
0
0
0
0
0
0
0
0
0
0
0
0
0
0
0
0
0
0
0
0
0
0
0
0
0
0
0
0
0
0
0
0
0
0
0
0
0
0
0
0
0
0
0
0
0
19388
0
0
0
0
0
0
0
0
0
0
0
0
0
0
0
0
0
0
0
0
0
0
0
54000
0
0
0
0
54000
0
0
0
0
54000
0
0
0
0
54000
0
0
0
0
54000
0
0
0
0
54000
0
0
0
37961
0
0
0
0
37961
0
0
0
0
37961
0
0
51575
0
37961
0
0
51575
0
37961
0
0
51575
0
0
0
0
51575
0
0
0
0
51575
0
0
0
0
51575
0
0
0
0
71905
0
0
0
0
71905
55857
0
0
0
71905
55857
17731
0
0
71905
55857
17731
0
0
71905
55857
17731
0
0
71905
55857
17731
0
0
19168
55857
17731
0
0
0
0
17731
0
0
0
0
0
0
0
0
0
0
0
0
0
0
0
0
0
0
0
0
0
0
0
0
0
0
0
0
0
0
0
0
0
0
0
0
0
0
0
0
0
0
0
0
0
0
0
0
0
0
0
0
0
0
0
0
0
0
0
0
0
0
0
0
19284
0
0
0
0
0
0
0
0
0
0
0
0
0
0
0
0
0
0
0
0
0
0
0
0
0
0
0
0
0
0
0
0
0
0
0
0
0
0
0
0
0
0
0
0
0
0
0
54805
0
0
0
0
54805
0
0
0
0
54805
0
18461
0
0
54805
0
0
0
0
54805
0
0
0
0
54805
0
0
0
0
53750
0
0
0
0
53750
0
0
0
0
53750
0
0
0
0
53750
0
0
0
0
53750
0
0
0
0
53750
0
0
0
0
0
0
0
0
0
0
36907
0
0
0
0
36907
0
0
0
36907
0
0
0
36907
0
49025
0
36907
0
49025
34346
36907
0
49025
34346
0
0
49025
34346
0
37252
0
49025
34346
0
37252
0
49025
34346
0
37252
0
0
34346
0
37252
0
0
35329
0
37252
0
0
35329
0
37252
0
0
35329
0
0
0
0
35329
0
0
55123
0
35329
0
0
55123
18729
35329
0
0
55123
18729
0
0
55123
18729
0
0
55123
18729
0
0
55123
18729
0
0
49025
18729
0
0
49025
0
0
0
49025
0
0
0
0
49025
0
0
0
0
49025
0
0
0
0
49025
0
0
0
0
0
0
0
0
0
0
0
0
0
0
0
0
16824
0
0
0
0
16824
19388
0
0
0
16824
0
0
0
0
16824
0
0
0
0
16824
0
0
0
0
16824
0
0
0
0
0
0
0
0
0
0
0
0
0
0
0
0
0
0
0
0
0
0
0
0
0
0
0
0
0
0
0
0
0
0
0
0
0
0
0
0
55594
0
0
0
0
55594
0
0
0
0
55594
0
0
0
0
55594
0
0
0
0
55594
0
0
0
0
55594
0
0
0
0
0
0
0
0
0
0
18447
0
0
0
0
18510
0
0
0
0
18510
0
0
0
0
18510
0
0
0
0
18510
0
0
0
0
18510
0
0
0
0
0
0
0
0
0
0
0
0
0
0
0
0
0
0
0
0
0
0
0
0
0
0
0
0
0
0
0
0
0
0
0
0
0
0
0
0
0
0
0
0
0
0
0
0
0
0
0
0
0
0
0
0
0
0
0
0
0
0
0
0
0
0
0
0
0
0
0
0
0
0
0
18447
0
0
0
0
18447
0
16056
0
0
18447
0
0
0
0
18447
0
0
0
0
18447
0
0
0
0
0
0
0
0
0
0
0
0
0
0
0
19177
0
0
0
0
19177
0
0
0
0
19177
0
0
0
0
19177
0
0
0
32815
19177
0
0
0
32815
19177
0
0
0
32815
0
0
0
0
32815
0
0
0
0
32815
0
0
0
15938
32815
0
0
0
15938
0
0
0
0
15938
0
0
0
0
15938
0
0
72282
0
15938
0
0
72282
0
15938
0
0
72282
0
0
0
0
72282
0
0
0
0
72282
0
0
0
0
72282
0
0
0
0
0
0
0
0
0
0
0
0
0
0
0
0
0
0
0
0
0
0
0
0
0
0
0
0
0
0
0
0
0
0
17935
0
0
0
0
17935
18698
0
0
0
17935
0
0
0
0
17935
0
0
0
0
17935
0
0
0
0
17935
0
0
0
0
71358
0
0
0
0
71358
0
0
0
0
71358
0
0
0
0
71358
0
0
0
0
71358
0
0
0
0
71358
0
0
0
0
0
0
0
0
0
0
0
0
0
0
0
0
0
0
0
0
0
0
19388
0
0
0
0
0
0
0
0
0
0
0
0
0
0
0
0
0
0
0
0
0
0
0
0
0
0
0
0
0
0
0
0
0
0
0
19432
0
0
0
0
0
37916
0
0
0
0
35325
0
0
0
0
35325
0
0
0
0
35325
0
0
0
0
35325
0
0
0
0
35325
0
0
0
0
0
0
0
0
0
0
0
0
0
0
0
0
0
0
0
0
0
0
0
0
0
0
0
0
0
0
0
0
0
0
0
0
0
0
0
0
0
0
0
0
0
0
0
0
0
0
0
16535
0
0
0
0
16535
0
0
0
0
16535
0
0
0
0
16535
0
0
0
0
16535
0
0
0
0
34844
0
0
0
0
35269
0
0
0
0
35269
0
0
0
0
35269
0
19378
0
0
35269
0
19378
0
0
35269
0
19378
0
0
0
0
19378
0
0
0
74073
19378
0
0
0
74073
0
0
0
0
74073
0
0
0
0
74073
0
0
0
0
74073
0
0
0
18498
74073
0
0
0
18754
0
0
0
0
18754
0
0
0
0
18754
0
0
0
0
18754
0
0
0
34205
18754
0
0
0
34205
18754
0
0
0
34205
0
55321
0
0
34205
0
55321
0
0
34205
0
55321
0
0
34205
0
55321
0
0
0
0
55321
0
0
38027
0
55321
0
0
38027
0
0
0
0
38027
0
0
0
0
38027
0
0
0
0
38027
0
0
0
0
56956
0
