0
0
73486
0
0
36128
0
0
0
0
0
0
55303
0
0
74312
0
0
0
0
0
0
0
0
0
0
0
0
73784
0
13482
0
0
0
0
0
18790
0
0
0
54721
0
52889
0
0
56458
0
0
0
0
0
72039
0
0
0
0
0
0
0
18813
54128
53891
36830
0
17946
0
0
0
54128
0
0
19365
71413
0
0
38130
0
0
0
17314
0
0
19332
49231
15938
0
0
19463
0
36964
52889
0
0
19514
0
0
38177
72742
0
0
54128
0
74570
0
71480
0
0
0
0
0
0
0
64589
38048
18034
0
0
0
0
0
0
0
0
0
0
0
0
0
0
38242
0
38138
37345
0
0
19315
0
0
50738
0
0
0
0
0
0
35375
56415
35406
34613
0
0
0
0
19038
55538
73155
35406
0
0
74147
0
0
0
0
0
0
0
53460
18541
0
0
19463
0
0
73621
0
56458
17218
0
0
0
0
54935
0
0
0
71612
52536
0
0
18697
0
18790
0
17914
0
0
37332
0
0
75690
0
51152
73621
0
49231
71612
0
19439
52536
0
72039
74312
0
0
0
0
18612
0
52751
18765
71480
19279
0
0
19365
0
0
74570
0
56194
0
33287
32554
0
0
0
0
73701
0
0
0
16460
56229
0
0
55784
0
0
0
35316
17218
0
56194
0
72927
0
19491
55083
0
0
0
72039
17949
74672
0
0
74254
19439
0
0
0
35290
0
35316
0
0
0
0
0
0
71048
0
0
0
52536
19387
0
0
0
0
0
36293
35454
0
0
0
18813
37993
37944
36694
0
0
0
0
32554
0
75582
51152
0
0
0
0
0
0
0
71312
0
0
0
0
0
37231
0
0
0
0
0
0
0
0
0
0
0
0
0
54726
0
0
19470
0
35406
0
0
0
71413
17949
0
53460
17218
0
0
0
0
0
51931
56194
0
16460
0
0
0
71413
52889
0
0
0
0
17218
0
37993
0
0
0
54786
18034
0
0
0
0
0
0
0
0
0
38151
0
0
0
0
0
52889
0
0
0
38130
71100
0
34250
0
0
0
0
0
0
0
36293
17946
0
0
0
0
0
0
75792
0
0
0
0
0
0
0
0
52536
0
19491
0
0
53172
0
72493
55548
0
55303
0
0
0
71100
0
0
0
38156
19463
0
0
0
54066
0
0
0
0
0
0
0
0
0
51883
0
0
0
18797
0
34651
0
73332
0
55784
0
0
0
0
53172
0
0
0
38156
0
0
0
0
0
0
0
37537
0
33585
0
0
0
0
35454
0
0
0
18802
0
0
0
0
0
0
18027
0
0
0
0
0
0
0
54721
75714
0
0
0
53891
54554
0
0
70577
0
55538
0
0
18027
17218
0
0
0
0
18802
67332
15938
0
19315
0
0
54128
0
0
0
0
33993
0
0
0
0
0
0
38138
0
74254
0
37116
0
0
71312
0
72063
0
38177
0
0
0
0
52889
0
0
0
38151
0
0
0
0
0
0
54723
0
16824
38315
0
0
19514
0
0
0
0
37681
16460
0
69953
0
0
0
0
0
0
0
0
0
56194
0
0
0
0
74254
0
0
0
36473
0
38315
0
0
0
0
0
50738
0
35958
35536
0
19491
38138
0
0
0
0
0
0
0
0
0
0
74312
52889
0
35375
0
13482
36830
0
18034
0
0
18541
0
0
0
52841
0
35235
0
17218
0
0
0
48152
18541
0
0
0
0
0
0
0
0
0
0
0
0
0
0
19457
0
0
0
71048
0
0
0
0
0
0
0
0
54066
36473
0
0
0
0
0
35375
54128
72583
0
0
0
54233
18822
18612
53891
0
0
36289
0
0
0
18034
0
19514
0
0
19198
0
51883
0
0
0
0
0
36853
17218
0
35563
0
0
0
18797
35563
0
74147
35093
0
0
54167
0
0
36473
0
0
0
36300
0
0
0
0
0
0
19342
0
74570
0
0
0
0
0
51287
0
17218
74312
0
0
0
71100
18774
0
0
0
0
0
0
36694
35316
0
0
72039
0
18640
0
0
54726
0
0
0
35316
0
0
0
18554
0
0
0
0
74254
17314
51575
17854
56205
0
19365
0
0
0
0
0
52751
0
0
73486
0
0
75582
0
0
36289
0
0
0
0
0
0
35896
72742
0
36473
0
0
54066
0
35454
0
38048
50738
0
0
19279
