0 3 1
0 164 2
0 148 3
0 187 4
0 183 5
0 122 6
0 200 7
0 201 8
0 278 9
0 150 10
0 3 11
0 361 12
0 123 13
0 149 14
0 279 15
0 171 16
0 182 17
0 375 18
0 188 19
0 124 20
0 162 21
0 189 22
0 363 23
0 163 24
0 3 25
0 202 26
0 3 27
122 2 1
148 2 1
214 4 1
124 2 1
197 4 1
236 4 1
149 2 1
150 2 1
68 4 1
183 2 1
182 2 1
196 4 1
202 2 1
162 2 1
359 4 1
241 4 1
363 2 1
135 4 1
375 2 1
3 2 1
200 2 1
201 2 1
279 2 1
70 4 1
164 2 1
361 2 1
278 2 1
171 2 1
173 4 1
11 4 1
189 2 1
199 4 1
2 4 1
288 4 1
209 4 1
12 4 1
210 4 1
13 4 1
211 4 1
14 4 1
61 4 1
260 4 1
63 4 1
239 4 1
42 4 1
139 4 1
145 4 1
142 4 1
143 4 1
230 4 1
33 4 1
30 4 1
227 4 1
144 4 1
228 4 1
31 4 1
28 4 1
225 4 1
224 4 1
141 4 1
238 4 1
198 4 1
295 4 1
297 4 1
223 4 1
226 4 1
29 4 1
252 4 1
125 4 1
147 4 1
244 4 1
131 121 1
245 4 1
221 4 1
358 4 1
64 4 1
261 4 1
163 2 1
360 4 1
69 4 1
253 4 1
254 4 1
374 4 1
277 4 1
283 4 1
136 4 1
233 4 1
280 4 1
187 2 1
284 4 1
243 4 1
146 4 1
276 4 1
32 4 1
229 4 1
195 4 1
289 4 1
290 4 1
294 4 1
281 4 1
137 4 1
234 4 1
43 4 1
237 4 1
140 4 1
296 4 1
138 4 1
235 4 1
282 4 1
215 4 1
262 4 1
121 72 1
212 4 1
62 4 1
259 4 1
188 2 1
285 4 1
123 2 1
220 4 1
222 4 1
25 4 1
213 4 1
72 1 1
122 212 2
184 7 2
148 297 2
62 131 2
163 283 2
44 7 2
214 357 2
124 295 2
194 7 2
197 131 2
236 357 2
149 28 2
161 203 2
164 297 2
59 7 2
222 357 2
150 297 2
39 57 2
239 151 2
162 61 2
169 203 2
68 357 2
183 277 2
156 7 2
182 147 2
16 121 2
196 357 2
202 297 2
181 7 2
359 357 2
3 297 2
170 57 2
241 357 2
363 212 2
20 7 2
135 357 2
375 297 2
60 302 2
200 296 2
176 7 2
223 357 2
187 297 2
168 7 2
201 173 2
45 121 2
358 357 2
279 33 2
198 357 2
70 357 2
361 297 2
26 121 2
278 136 2
296 357 2
171 297 2
133 7 2
173 357 2
11 131 2
123 139 2
189 297 2
136 357 2
188 238 2
193 121 2
33 357 2
2 357 2
152 7 2
31 357 2
288 357 2
12 357 2
13 131 2
14 357 2
61 357 2
63 357 2
42 154 2
267 7 2
43 131 2
125 357 2
360 357 2
126 7 2
137 357 2
138 357 2
139 357 2
145 151 2
142 131 2
143 357 2
209 357 2
227 49 2
30 131 2
295 357 2
297 357 2
252 49 2
225 357 2
28 357 2
25 357 2
195 357 2
235 131 2
210 131 2
276 131 2
211 357 2
213 357 2
230 357 2
220 357 2
281 357 2
228 357 2
260 49 2
237 151 2
40 302 2
254 357 2
277 357 2
283 357 2
282 357 2
280 357 2
284 357 2
285 357 2
289 357 2
290 154 2
259 357 2
29 357 2
226 357 2
261 357 2
64 151 2
294 151 2
229 357 2
32 357 2
199 357 2
147 357 2
177 7 2
374 49 2
215 357 2
18 7 2
245 160 2
48 320 2
244 126 2
47 203 2
243 154 2
46 7 2
262 357 2
65 57 2
154 7 2
192 7 2
291 7 2
270 7 2
155 7 2
166 7 2
127 7 2
128 57 2
265 302 2
130 7 2
131 121 2
157 7 2
212 357 2
15 121 2
132 57 2
71 7 2
268 57 2
186 7 2
191 203 2
185 302 2
180 7 2
238 357 2
41 7 2
242 7 2
364 348 2
167 7 2
67 7 2
264 7 2
233 357 2
36 7 2
66 7 2
263 7 2
362 7 2
165 7 2
160 7 2
357 7 2
272 7 2
172 7 2
369 7 2
4 7 2
368 7 2
271 7 2
365 329 2
179 7 2
373 348 2
49 7 2
292 7 2
293 204 2
274 7 2
174 7 2
371 7 2
72 1 2
269 7 2
366 7 2
367 7 2
178 7 2
275 320 2
175 57 2
372 7 2
273 302 2
370 7 2
224 357 2
27 7 2
121 72 2
318 77 2
231 72 2
34 98 2
257 72 2
146 131 2
343 77 2
321 78 2
6 78 2
253 357 2
56 98 2
347 78 2
250 98 2
219 78 2
248 98 2
51 78 2
286 77 2
190 7 2
287 77 2
10 73 2
330 73 2
331 73 2
134 7 2
234 357 2
37 77 2
111 1 2
305 78 2
158 121 2
355 80 2
258 85 2
58 72 2
349 72 2
218 78 2
21 7 2
312 78 2
118 1 2
306 77 2
221 357 2
24 7 2
119 1 2
19 320 2
216 78 2
310 72 2
314 92 2
120 1 2
217 72 2
311 98 2
151 7 2
345 85 2
251 98 2
54 73 2
140 357 2
337 72 2
299 77 2
205 72 2
8 92 2
141 357 2
338 98 2
322 78 2
17 78 2
50 73 2
144 131 2
341 80 2
232 78 2
129 203 2
326 80 2
91 1 2
69 357 2
266 7 2
159 7 2
256 78 2
153 7 2
350 72 2
122 360 3
184 298 3
148 360 3
62 292 3
163 360 3
44 121 3
214 292 3
124 360 3
194 298 3
197 292 3
236 292 3
149 360 3
161 298 3
164 360 3
59 298 3
222 44 3
150 360 3
39 298 3
239 292 3
162 360 3
115 1 3
169 298 3
68 292 3
183 360 3
156 298 3
182 360 3
16 298 3
196 292 3
202 360 3
181 298 3
359 292 3
3 360 3
170 298 3
241 292 3
363 360 3
20 298 3
135 44 3
375 360 3
60 298 3
200 360 3
176 298 3
223 292 3
187 360 3
168 298 3
201 360 3
45 298 3
358 292 3
279 360 3
198 292 3
361 360 3
26 304 3
278 360 3
296 292 3
123 360 3
189 360 3
136 292 3
188 360 3
193 298 3
152 298 3
288 292 3
61 292 3
42 291 3
70 44 3
267 298 3
125 292 3
360 292 3
126 298 3
137 292 3
138 292 3
139 292 3
141 292 3
142 292 3
143 44 3
12 292 3
209 292 3
144 292 3
227 292 3
30 292 3
295 292 3
297 292 3
225 292 3
28 292 3
25 292 3
195 292 3
235 291 3
13 292 3
210 292 3
276 292 3
14 292 3
211 292 3
213 292 3
33 292 3
230 292 3
281 292 3
31 292 3
228 292 3
234 292 3
63 44 3
260 292 3
237 292 3
40 298 3
253 292 3
254 292 3
277 292 3
283 292 3
282 292 3
280 292 3
284 292 3
285 292 3
146 292 3
289 292 3
290 291 3
259 44 3
29 292 3
226 292 3
261 292 3
64 292 3
294 292 3
140 292 3
229 292 3
32 292 3
2 292 3
199 292 3
147 292 3
177 298 3
374 292 3
244 292 3
47 298 3
350 117 3
153 298 3
262 292 3
65 298 3
154 298 3
192 298 3
291 315 3
155 298 3
264 298 3
67 298 3
127 298 3
128 298 3
129 298 3
130 298 3
131 121 3
157 298 3
158 298 3
212 292 3
15 298 3
132 298 3
186 298 3
190 298 3
191 298 3
21 298 3
185 298 3
180 298 3
238 292 3
41 298 3
245 292 3
48 304 3
242 298 3
364 298 3
167 298 3
331 94 3
134 298 3
233 292 3
36 298 3
166 298 3
66 298 3
263 298 3
224 292 3
27 298 3
160 298 3
357 298 3
371 298 3
174 298 3
271 298 3
171 32 3
368 298 3
274 298 3
178 298 3
175 298 3
372 298 3
275 304 3
272 298 3
172 298 3
369 298 3
4 298 3
71 298 3
268 298 3
365 298 3
179 298 3
373 298 3
265 298 3
165 298 3
362 298 3
159 298 3
293 298 3
121 72 3
221 292 3
24 298 3
270 298 3
367 298 3
273 298 3
173 292 3
370 298 3
19 121 3
116 1 3
22 72 3
53 117 3
145 292 3
342 94 3
72 1 3
269 298 3
366 298 3
319 117 3
117 1 3
220 292 3
23 94 3
10 94 3
207 72 3
133 298 3
330 94 3
151 298 3
54 94 3
252 292 3
55 94 3
9 117 3
308 117 3
49 298 3
292 315 3
215 292 3
18 298 3
309 94 3
52 117 3
243 131 3
46 298 3
43 292 3
240 117 3
5 94 3
50 72 3
69 131 3
266 298 3
11 292 3
208 94 3
122 226 4
184 339 4
148 226 4
62 41 4
163 226 4
44 38 4
214 269 4
124 226 4
194 38 4
197 41 4
236 269 4
149 226 4
161 38 4
164 226 4
59 38 4
222 269 4
150 226 4
39 38 4
239 41 4
162 226 4
169 38 4
68 269 4
183 226 4
156 38 4
182 226 4
16 38 4
196 269 4
202 226 4
181 38 4
359 131 4
3 226 4
170 38 4
241 269 4
363 226 4
20 38 4
135 269 4
375 226 4
60 327 4
200 226 4
176 38 4
223 269 4
187 226 4
168 38 4
201 226 4
45 38 4
358 269 4
279 226 4
198 269 4
70 269 4
361 226 4
26 38 4
278 226 4
296 190 4
171 359 4
133 38 4
173 190 4
11 269 4
123 226 4
189 226 4
136 190 4
188 226 4
193 327 4
33 190 4
2 269 4
152 38 4
31 155 4
288 269 4
12 155 4
13 269 4
14 269 4
61 190 4
63 269 4
42 269 4
267 38 4
43 131 4
125 269 4
360 269 4
126 206 4
137 269 4
138 269 4
139 131 4
143 269 4
209 155 4
144 269 4
227 269 4
30 41 4
295 190 4
297 190 4
225 269 4
28 190 4
25 131 4
195 131 4
210 269 4
276 269 4
211 269 4
213 269 4
230 269 4
281 269 4
228 269 4
260 269 4
237 41 4
40 327 4
277 190 4
283 190 4
282 269 4
280 269 4
284 269 4
285 269 4
289 269 4
290 269 4
259 269 4
29 155 4
226 177 4
261 269 4
64 41 4
294 41 4
140 269 4
229 155 4
32 269 4
199 269 4
147 190 4
177 38 4
374 269 4
215 269 4
18 121 4
245 269 4
48 38 4
244 269 4
47 38 4
243 269 4
46 38 4
262 269 4
65 38 4
154 206 4
192 38 4
291 38 4
270 339 4
155 38 4
166 38 4
127 339 4
128 38 4
129 38 4
265 327 4
131 121 4
157 38 4
158 38 4
212 190 4
15 121 4
71 38 4
268 38 4
186 38 4
190 38 4
191 38 4
185 327 4
180 38 4
238 190 4
41 38 4
67 38 4
264 38 4
66 38 4
263 38 4
362 38 4
165 38 4
160 206 4
357 206 4
272 38 4
172 38 4
369 38 4
4 38 4
368 38 4
271 38 4
365 38 4
167 38 4
364 38 4
179 38 4
373 38 4
49 206 4
292 38 4
159 38 4
293 38 4
274 38 4
174 38 4
371 38 4
72 1 4
269 38 4
366 38 4
367 38 4
178 38 4
275 38 4
175 38 4
372 38 4
273 327 4
370 38 4
233 269 4
36 38 4
130 38 4
327 109 4
252 269 4
55 72 4
250 103 4
53 76 4
58 103 4
224 269 4
27 38 4
121 72 4
318 109 4
5 103 4
34 72 4
248 103 4
51 78 4
145 41 4
342 103 4
348 114 4
151 206 4
319 76 4
134 38 4
234 269 4
37 109 4
257 109 4
52 76 4
146 41 4
343 109 4
320 114 4
219 78 4
22 76 4
19 38 4
216 72 4
321 78 4
203 114 4
6 78 4
208 103 4
305 78 4
206 72 4
9 72 4
253 269 4
56 103 4
347 78 4
204 114 4
7 114 4
235 269 4
38 109 4
132 38 4
329 114 4
302 114 4
205 109 4
299 109 4
240 76 4
287 109 4
312 78 4
221 269 4
24 38 4
21 121 4
218 78 4
306 109 4
254 269 4
57 114 4
251 103 4
220 269 4
23 103 4
217 78 4
120 1 4
311 103 4
114 1 4
308 76 4
286 72 4
309 103 4
141 269 4
338 103 4
242 38 4
142 41 4
339 109 4
153 38 4
350 76 4
207 103 4
113 1 4
69 269 4
266 38 4
122 2 5
184 121 5
148 2 5
62 370 5
163 2 5
96 1 5
44 249 5
214 370 5
124 2 5
194 249 5
197 370 5
236 370 5
149 2 5
81 1 5
161 249 5
164 2 5
59 249 5
222 370 5
150 2 5
85 1 5
39 249 5
239 370 5
162 2 5
169 249 5
68 370 5
183 2 5
156 340 5
182 2 5
110 1 5
16 249 5
196 370 5
202 2 5
181 249 5
359 370 5
241 370 5
20 249 5
135 370 5
60 323 5
3 2 5
200 2 5
187 2 5
358 370 5
279 2 5
198 370 5
361 2 5
223 370 5
26 249 5
278 2 5
296 370 5
133 249 5
11 370 5
123 2 5
189 2 5
136 131 5
188 2 5
193 323 5
152 249 5
288 370 5
61 370 5
42 370 5
70 370 5
267 249 5
43 370 5
125 370 5
360 370 5
126 325 5
137 370 5
138 370 5
139 370 5
145 370 5
141 370 5
142 370 5
143 370 5
12 131 5
209 370 5
144 370 5
227 370 5
30 370 5
295 370 5
297 370 5
252 370 5
225 370 5
28 370 5
25 370 5
195 131 5
235 370 5
13 370 5
210 370 5
276 370 5
14 370 5
211 370 5
213 370 5
33 370 5
230 370 5
220 370 5
281 370 5
31 370 5
228 370 5
234 370 5
63 370 5
260 370 5
237 370 5
40 323 5
253 370 5
254 370 5
277 370 5
283 370 5
282 370 5
280 370 5
284 267 5
285 267 5
290 370 5
357 325 5
160 325 5
261 370 5
64 370 5
294 370 5
140 370 5
2 370 5
199 370 5
147 370 5
15 323 5
212 370 5
215 370 5
18 317 5
19 249 5
244 370 5
47 249 5
243 370 5
46 249 5
259 370 5
262 370 5
65 249 5
289 370 5
192 249 5
291 249 5
155 249 5
264 249 5
67 249 5
127 317 5
128 249 5
29 370 5
226 370 5
229 370 5
32 370 5
129 249 5
130 249 5
131 121 5
157 340 5
158 249 5
132 249 5
186 121 5
190 249 5
191 249 5
21 317 5
364 249 5
167 121 5
369 249 5
172 249 5
366 249 5
72 1 5
269 249 5
245 370 5
48 249 5
45 249 5
242 249 5
69 370 5
266 121 5
363 2 5
166 249 5
263 249 5
66 249 5
177 249 5
374 370 5
180 249 5
371 249 5
174 249 5
271 249 5
171 2 5
368 249 5
274 249 5
134 249 5
375 2 5
178 249 5
175 249 5
372 249 5
275 249 5
272 249 5
201 2 5
4 249 5
233 370 5
36 249 5
71 340 5
268 249 5
168 249 5
365 249 5
185 121 5
179 249 5
176 249 5
373 249 5
348 72 5
151 121 5
292 249 5
265 323 5
165 249 5
362 249 5
293 249 5
121 72 5
221 370 5
24 249 5
173 370 5
370 249 5
273 323 5
270 317 5
170 249 5
367 249 5
224 131 5
27 340 5
111 1 5
305 72 5
112 1 5
159 340 5
153 249 5
347 72 5
238 370 5
41 249 5
146 370 5
49 325 5
154 325 5
205 72 5
122 294 6
184 6 6
148 64 6
62 131 6
163 142 6
44 121 6
214 131 6
124 62 6
194 6 6
197 131 6
236 273 6
149 237 6
81 1 6
161 51 6
164 294 6
106 1 6
59 219 6
222 273 6
150 294 6
39 216 6
239 185 6
162 145 6
169 121 6
68 265 6
183 30 6
156 218 6
182 237 6
16 216 6
196 265 6
202 64 6
181 217 6
359 273 6
3 294 6
170 121 6
241 15 6
363 294 6
20 6 6
135 273 6
375 294 6
60 51 6
200 239 6
176 121 6
223 265 6
187 294 6
168 121 6
201 294 6
45 51 6
358 273 6
279 197 6
198 131 6
70 273 6
361 294 6
26 6 6
278 146 6
296 273 6
171 294 6
133 6 6
173 273 6
11 273 6
123 64 6
189 294 6
136 273 6
188 43 6
193 51 6
33 273 6
2 273 6
152 219 6
31 131 6
288 273 6
12 273 6
13 131 6
14 15 6
61 273 6
63 273 6
42 273 6
267 6 6
43 185 6
125 273 6
360 273 6
126 6 6
137 273 6
138 273 6
139 273 6
145 185 6
141 131 6
142 185 6
143 273 6
227 273 6
224 60 6
209 273 6
144 193 6
225 265 6
30 185 6
238 273 6
295 273 6
297 273 6
29 273 6
252 273 6
237 185 6
28 273 6
25 273 6
195 273 6
210 273 6
276 193 6
211 273 6
213 273 6
230 273 6
220 265 6
228 273 6
260 273 6
40 51 6
254 131 6
277 273 6
283 273 6
282 15 6
280 273 6
284 131 6
285 60 6
289 40 6
290 273 6
259 273 6
226 273 6
261 273 6
64 185 6
294 185 6
229 273 6
32 273 6
199 265 6
177 6 6
374 273 6
215 273 6
18 6 6
245 273 6
48 6 6
244 193 6
47 51 6
153 6 6
243 273 6
46 6 6
262 265 6
65 121 6
154 6 6
192 6 6
291 312 6
270 6 6
166 121 6
127 6 6
265 51 6
212 273 6
15 121 6
132 121 6
71 121 6
268 216 6
186 6 6
190 6 6
191 51 6
151 6 6
185 51 6
178 6 6
179 121 6
180 305 6
41 6 6
242 219 6
273 51 6
67 305 6
264 6 6
134 6 6
233 273 6
36 6 6
69 273 6
266 6 6
66 219 6
263 6 6
27 218 6
272 217 6
368 321 6
275 6 6
160 6 6
357 6 6
172 6 6
369 121 6
4 6 6
271 6 6
365 6 6
167 121 6
364 312 6
373 121 6
165 121 6
362 121 6
292 312 6
293 6 6
274 217 6
174 121 6
371 312 6
366 121 6
367 6 6
175 216 6
372 347 6
370 6 6
130 219 6
327 82 6
334 84 6
121 72 6
318 72 6
49 6 6
246 84 6
146 185 6
343 72 6
342 72 6
248 72 6
51 112 6
19 6 6
216 72 6
321 112 6
314 83 6
217 112 6
6 112 6
108 1 6
305 112 6
251 111 6
336 72 6
17 112 6
286 120 6
140 265 6
337 72 6
287 120 6
159 218 6
353 80 6
256 112 6
306 120 6
109 1 6
206 82 6
303 81 6
221 265 6
24 312 6
21 6 6
218 112 6
118 1 6
312 112 6
116 1 6
310 88 6
311 111 6
219 112 6
316 81 6
299 120 6
205 120 6
8 83 6
322 112 6
255 81 6
58 72 6
349 88 6
155 6 6
352 80 6
131 121 6
328 84 6
234 131 6
37 120 6
231 112 6
34 72 6
128 216 6
325 110 6
333 80 6
338 72 6
332 72 6
129 51 6
326 109 6
91 1 6
235 273 6
38 82 6
232 72 6
253 15 6
56 111 6
250 111 6
347 112 6
345 72 6
158 216 6
355 109 6
258 88 6
147 273 6
344 72 6
247 72 6
341 72 6
346 72 6
249 110 6
340 72 6
317 110 6
323 110 6
335 81 6
100 1 6
281 265 6
84 1 6
107 1 6
257 120 6
157 218 6
354 80 6
269 6 6
72 1 6
339 72 6
122 2 7
184 336 7
148 2 7
62 365 7
163 2 7
44 354 7
214 365 7
124 2 7
194 354 7
197 365 7
236 365 7
149 2 7
161 354 7
164 2 7
59 354 7
222 365 7
150 2 7
39 354 7
239 365 7
162 2 7
169 354 7
68 365 7
183 2 7
156 354 7
182 2 7
16 354 7
196 365 7
202 2 7
181 354 7
359 365 7
241 365 7
20 121 7
135 365 7
60 354 7
3 2 7
200 2 7
187 2 7
358 365 7
279 2 7
198 365 7
361 2 7
223 365 7
26 354 7
278 2 7
296 365 7
133 353 7
11 365 7
123 2 7
189 2 7
136 365 7
188 2 7
193 354 7
152 354 7
288 365 7
61 365 7
42 365 7
70 365 7
267 354 7
43 365 7
360 365 7
126 354 7
137 365 7
138 365 7
139 365 7
145 365 7
141 365 7
142 365 7
143 365 7
12 365 7
209 365 7
144 365 7
227 365 7
30 365 7
295 365 7
297 365 7
252 365 7
225 365 7
28 365 7
25 365 7
195 365 7
235 365 7
13 365 7
210 365 7
276 365 7
14 365 7
211 365 7
213 365 7
33 365 7
230 365 7
220 365 7
281 365 7
31 365 7
228 365 7
234 365 7
63 365 7
260 365 7
237 365 7
40 354 7
253 365 7
254 365 7
277 365 7
283 365 7
282 365 7
280 365 7
284 365 7
285 365 7
290 365 7
357 354 7
160 354 7
261 365 7
64 365 7
294 365 7
140 365 7
2 365 7
199 365 7
147 365 7
15 354 7
212 365 7
215 365 7
18 336 7
19 354 7
244 365 7
47 354 7
153 353 7
243 365 7
46 354 7
259 365 7
262 365 7
65 354 7
154 354 7
289 365 7
192 353 7
291 354 7
155 354 7
264 353 7
67 354 7
127 336 7
29 365 7
226 365 7
229 365 7
32 365 7
129 354 7
130 354 7
131 121 7
157 354 7
158 354 7
132 354 7
186 354 7
190 354 7
191 354 7
364 354 7
167 354 7
369 354 7
172 354 7
366 354 7
72 1 7
269 354 7
245 365 7
48 354 7
45 354 7
242 354 7
69 365 7
266 353 7
363 2 7
166 354 7
263 354 7
66 354 7
177 354 7
374 365 7
180 354 7
371 354 7
174 354 7
271 354 7
171 2 7
368 354 7
274 354 7
233 365 7
36 121 7
71 354 7
268 354 7
168 354 7
365 354 7
185 354 7
232 119 7
179 354 7
176 354 7
373 354 7
151 354 7
292 354 7
173 365 7
370 354 7
273 354 7
270 336 7
170 354 7
367 354 7
201 2 7
4 354 7
134 353 7
231 72 7
275 354 7
375 2 7
178 354 7
175 354 7
372 354 7
238 365 7
41 354 7
362 354 7
165 354 7
121 72 7
221 365 7
24 354 7
224 365 7
27 354 7
256 119 7
159 354 7
272 354 7
146 365 7
49 354 7
21 121 7
128 354 7
125 365 7
322 119 7
265 354 7
293 354 7
17 119 7
122 261 8
184 352 8
148 261 8
62 371 8
163 261 8
44 352 8
214 371 8
124 261 8
194 352 8
197 371 8
236 371 8
149 261 8
161 352 8
164 228 8
59 352 8
222 371 8
150 261 8
39 352 8
239 371 8
162 261 8
169 352 8
68 371 8
183 261 8
156 352 8
182 261 8
16 352 8
196 371 8
202 261 8
181 352 8
359 371 8
3 261 8
170 352 8
241 371 8
363 261 8
20 333 8
135 371 8
375 261 8
60 352 8
200 261 8
176 352 8
223 371 8
187 261 8
358 24 8
279 261 8
198 371 8
361 261 8
26 333 8
278 261 8
296 174 8
133 333 8
123 261 8
189 261 8
136 174 8
188 261 8
193 352 8
152 352 8
288 371 8
61 174 8
42 371 8
70 371 8
267 352 8
125 371 8
360 371 8
126 352 8
137 131 8
139 174 8
141 371 8
142 371 8
143 371 8
12 371 8
209 371 8
144 371 8
227 371 8
30 371 8
295 174 8
297 174 8
225 371 8
28 174 8
25 371 8
195 371 8
235 371 8
13 371 8
210 371 8
276 371 8
14 371 8
211 24 8
213 24 8
33 174 8
230 24 8
281 371 8
31 371 8
228 371 8
234 371 8
63 371 8
260 371 8
237 371 8
40 352 8
253 371 8
254 371 8
277 174 8
283 174 8
282 371 8
280 371 8
284 371 8
285 371 8
146 371 8
289 371 8
290 371 8
259 371 8
29 371 8
226 371 8
261 371 8
64 371 8
294 371 8
140 371 8
229 371 8
32 371 8
147 131 8
19 333 8
244 371 8
47 352 8
350 119 8
153 333 8
262 371 8
65 352 8
154 352 8
192 121 8
291 352 8
155 352 8
264 333 8
67 352 8
127 352 8
128 352 8
129 352 8
130 352 8
131 121 8
157 352 8
158 352 8
212 131 8
15 352 8
132 352 8
186 352 8
190 352 8
191 352 8
21 352 8
151 352 8
185 352 8
177 352 8
374 371 8
180 352 8
238 174 8
41 352 8
245 371 8
48 121 8
45 352 8
242 352 8
364 352 8
167 352 8
134 333 8
269 352 8
72 1 8
69 371 8
266 333 8
166 352 8
263 352 8
66 352 8
160 352 8
357 352 8
371 346 8
174 346 8
271 352 8
171 261 8
368 352 8
274 352 8
178 352 8
175 352 8
372 352 8
275 333 8
272 352 8
172 352 8
369 352 8
201 261 8
4 352 8
233 371 8
36 333 8
71 352 8
268 352 8
168 352 8
365 352 8
179 352 8
373 352 8
49 352 8
265 352 8
165 352 8
362 352 8
159 352 8
121 72 8
221 371 8
24 121 8
273 352 8
173 174 8
370 352 8
270 352 8
367 352 8
22 119 8
138 371 8
335 72 8
53 72 8
145 371 8
342 103 8
366 352 8
319 119 8
11 371 8
208 103 8
2 371 8
199 371 8
5 103 8
52 119 8
243 371 8
46 352 8
43 371 8
240 119 8
224 371 8
27 352 8
215 24 8
18 352 8
309 103 8
252 371 8
55 103 8
9 119 8
308 119 8
293 352 8
105 1 8
292 352 8
104 1 8
220 371 8
23 72 8
207 72 8
122 244 9
184 258 9
148 244 9
62 364 9
163 276 9
44 258 9
214 364 9
124 144 9
194 258 9
197 364 9
236 364 9
149 244 9
161 345 9
164 244 9
59 310 9
222 364 9
150 244 9
39 349 9
239 364 9
162 13 9
169 345 9
68 364 9
183 244 9
156 258 9
182 244 9
16 349 9
196 364 9
202 244 9
181 258 9
359 364 9
3 244 9
170 349 9
241 364 9
363 244 9
20 258 9
135 364 9
375 244 9
60 258 9
200 244 9
176 310 9
223 364 9
187 244 9
358 364 9
279 244 9
198 364 9
361 244 9
26 258 9
278 244 9
296 364 9
133 258 9
11 364 9
123 244 9
189 244 9
188 244 9
193 258 9
152 310 9
288 364 9
61 364 9
42 364 9
70 364 9
267 258 9
43 364 9
125 364 9
360 364 9
126 258 9
138 364 9
139 364 9
145 364 9
142 364 9
143 364 9
12 373 9
209 373 9
144 364 9
227 364 9
30 364 9
295 364 9
297 364 9
252 364 9
225 364 9
28 364 9
25 131 9
195 373 9
235 364 9
13 364 9
210 364 9
276 364 9
14 364 9
211 364 9
213 364 9
33 364 9
230 364 9
220 364 9
281 364 9
31 373 9
228 364 9
234 364 9
63 364 9
260 364 9
237 364 9
40 258 9
254 364 9
277 364 9
283 364 9
282 364 9
280 364 9
284 364 9
285 364 9
146 364 9
289 364 9
290 364 9
259 364 9
29 373 9
226 364 9
261 364 9
64 364 9
294 364 9
140 364 9
229 373 9
32 364 9
147 364 9
15 258 9
212 364 9
215 364 9
18 258 9
19 258 9
243 364 9
46 258 9
262 364 9
65 121 9
192 258 9
291 258 9
264 258 9
67 258 9
127 258 9
128 349 9
129 121 9
130 310 9
157 258 9
132 349 9
186 258 9
190 258 9
191 121 9
21 258 9
185 258 9
177 258 9
374 364 9
180 258 9
238 364 9
41 258 9
245 364 9
48 258 9
45 345 9
242 310 9
364 258 9
167 258 9
269 258 9
72 1 9
69 364 9
266 258 9
166 258 9
263 258 9
66 310 9
160 258 9
357 258 9
371 258 9
174 258 9
271 258 9
171 244 9
368 258 9
274 258 9
178 258 9
175 349 9
372 258 9
275 258 9
272 258 9
172 258 9
369 258 9
233 364 9
36 258 9
71 258 9
268 349 9
168 258 9
365 258 9
179 258 9
373 258 9
246 109 9
49 258 9
265 258 9
165 258 9
362 258 9
292 258 9
159 258 9
121 72 9
221 364 9
24 258 9
366 258 9
270 258 9
367 258 9
273 258 9
173 364 9
370 258 9
151 258 9
248 100 9
153 258 9
253 364 9
56 100 9
250 100 9
154 258 9
251 100 9
293 258 9
352 78 9
155 258 9
58 100 9
103 1 9
244 364 9
47 345 9
141 364 9
338 100 9
247 109 9
346 78 9
158 349 9
134 258 9
131 121 9
328 109 9
224 364 9
27 258 9
201 244 9
4 258 9
101 1 9
34 72 9
136 364 9
333 72 9
137 364 9
334 72 9
311 100 9
2 364 9
199 364 9
102 1 9
122 259 10
184 52 10
148 259 10
62 134 10
163 63 10
96 1 10
44 240 10
214 264 10
124 259 10
194 52 10
197 131 10
236 131 10
149 135 10
161 121 10
164 259 10
59 9 10
222 264 10
150 259 10
39 121 10
239 134 10
162 259 10
169 9 10
68 264 10
183 143 10
156 53 10
182 259 10
16 22 10
196 264 10
202 259 10
181 52 10
359 264 10
3 259 10
170 22 10
241 192 10
363 259 10
20 52 10
135 264 10
375 259 10
60 52 10
200 70 10
176 9 10
223 264 10
187 222 10
168 52 10
201 259 10
45 9 10
358 131 10
279 259 10
198 192 10
70 264 10
361 259 10
26 52 10
278 259 10
296 266 10
171 259 10
133 52 10
173 266 10
11 264 10
123 69 10
189 259 10
136 266 10
188 69 10
193 52 10
33 266 10
2 264 10
152 121 10
31 264 10
288 36 10
12 264 10
13 131 10
14 131 10
61 266 10
63 264 10
42 153 10
267 121 10
43 134 10
125 264 10
360 264 10
126 308 10
137 134 10
138 264 10
139 266 10
145 134 10
141 192 10
209 264 10
227 133 10
30 134 10
252 133 10
225 264 10
28 266 10
25 264 10
195 264 10
210 131 10
276 20 10
211 134 10
213 134 10
230 134 10
220 264 10
281 264 10
228 264 10
260 133 10
237 134 10
40 52 10
253 131 10
277 266 10
282 192 10
280 264 10
284 264 10
285 264 10
289 264 10
290 153 10
259 264 10
29 264 10
226 264 10
261 264 10
64 134 10
140 264 10
229 264 10
32 264 10
199 264 10
177 52 10
374 264 10
215 134 10
18 52 10
19 52 10
245 264 10
48 52 10
244 20 10
47 9 10
153 52 10
243 153 10
46 52 10
262 264 10
65 22 10
154 308 10
192 52 10
291 240 10
270 52 10
155 52 10
166 52 10
127 52 10
265 52 10
157 121 10
212 266 10
15 52 10
71 53 10
268 22 10
186 52 10
190 52 10
191 9 10
21 52 10
185 52 10
180 52 10
67 52 10
264 52 10
66 9 10
263 52 10
362 52 10
165 121 10
160 121 10
357 308 10
272 52 10
172 52 10
369 319 10
4 52 10
368 319 10
271 52 10
365 52 10
167 53 10
364 52 10
179 52 10
373 52 10
274 52 10
174 52 10
371 52 10
72 1 10
269 52 10
366 52 10
367 52 10
178 52 10
275 52 10
175 22 10
372 52 10
273 52 10
370 350 10
233 264 10
36 52 10
130 9 10
327 72 10
334 104 10
224 264 10
27 53 10
121 72 10
318 92 10
257 92 10
49 308 10
246 104 10
146 134 10
343 92 10
203 104 10
320 104 10
235 131 10
38 80 10
232 92 10
132 22 10
329 72 10
254 192 10
57 72 10
151 308 10
348 104 10
330 72 10
158 121 10
355 113 10
258 92 10
17 72 10
302 104 10
205 72 10
299 92 10
159 121 10
256 92 10
206 80 10
303 92 10
306 92 10
204 104 10
7 104 10
345 72 10
54 89 10
134 52 10
331 72 10
310 92 10
316 92 10
322 92 10
297 266 10
100 1 10
335 92 10
91 1 10
129 9 10
326 72 10
144 131 10
341 113 10
247 104 10
50 89 10
294 134 10
97 1 10
238 266 10
41 52 10
332 72 10
349 92 10
255 92 10
10 89 10
147 266 10
344 92 10
249 89 10
323 89 10
143 264 10
340 89 10
317 89 10
242 9 10
142 134 10
339 80 10
283 266 10
86 1 10
286 92 10
292 240 10
295 131 10
98 1 10
221 264 10
24 52 10
287 92 10
293 52 10
99 1 10
131 121 10
328 72 10
234 264 10
37 92 10
231 92 10
128 22 10
325 72 10
69 264 10
266 52 10
122 2 11
148 2 11
214 4 11
124 2 11
197 4 11
236 4 11
149 2 11
150 2 11
68 4 11
183 2 11
182 2 11
196 4 11
202 2 11
162 2 11
359 4 11
241 4 11
363 2 11
135 4 11
375 2 11
3 2 11
200 2 11
201 2 11
279 2 11
70 4 11
164 2 11
361 2 11
278 2 11
171 2 11
173 4 11
11 4 11
189 2 11
199 4 11
2 4 11
288 4 11
209 4 11
12 4 11
210 4 11
13 4 11
211 4 11
14 4 11
61 4 11
260 4 11
63 4 11
239 4 11
42 4 11
139 4 11
145 4 11
142 4 11
143 4 11
230 4 11
33 4 11
30 4 11
227 4 11
144 4 11
228 4 11
31 4 11
28 4 11
225 4 11
224 4 11
141 4 11
238 4 11
198 4 11
295 4 11
297 4 11
223 4 11
226 4 11
29 4 11
252 4 11
125 4 11
147 4 11
244 4 11
131 121 11
245 4 11
221 4 11
358 4 11
64 4 11
261 4 11
163 2 11
360 4 11
69 4 11
253 4 11
254 4 11
374 4 11
277 4 11
283 4 11
136 4 11
233 4 11
280 4 11
187 2 11
284 4 11
243 4 11
146 4 11
276 4 11
32 4 11
229 4 11
195 4 11
289 4 11
290 4 11
294 4 11
281 4 11
137 4 11
234 4 11
43 4 11
237 4 11
140 4 11
296 4 11
138 4 11
235 4 11
282 4 11
215 4 11
262 4 11
121 72 11
212 4 11
62 4 11
259 4 11
188 2 11
285 4 11
123 2 11
220 4 11
222 4 11
25 4 11
213 4 11
72 1 11
122 2 12
148 2 12
214 367 12
124 2 12
197 367 12
236 367 12
203 72 12
149 2 12
150 2 12
68 367 12
183 2 12
182 2 12
196 367 12
202 2 12
162 2 12
359 367 12
241 367 12
363 2 12
135 367 12
375 2 12
3 2 12
200 2 12
223 367 12
187 2 12
201 2 12
358 367 12
279 2 12
198 367 12
70 367 12
164 2 12
361 2 12
278 2 12
296 366 12
171 2 12
173 366 12
11 367 12
189 2 12
199 367 12
2 367 12
288 367 12
209 46 12
12 46 12
302 109 12
210 367 12
13 367 12
211 367 12
14 367 12
61 131 12
260 367 12
63 367 12
239 367 12
42 367 12
139 366 12
145 367 12
142 367 12
143 367 12
230 367 12
33 366 12
30 367 12
227 367 12
144 367 12
228 367 12
31 46 12
28 131 12
225 367 12
224 367 12
141 367 12
41 307 12
238 366 12
295 366 12
297 366 12
125 367 12
222 367 12
25 46 12
195 46 12
276 367 12
213 367 12
220 367 12
281 367 12
136 366 12
233 367 12
147 366 12
244 367 12
374 367 12
177 307 12
131 121 12
245 367 12
221 367 12
64 367 12
261 367 12
163 2 12
360 367 12
69 367 12
253 367 12
277 366 12
188 2 12
285 367 12
215 367 12
262 367 12
121 72 12
243 367 12
146 367 12
204 109 12
7 109 12
95 1 12
289 367 12
290 367 12
226 367 12
29 131 12
123 2 12
320 109 12
229 46 12
32 367 12
62 367 12
259 367 12
212 366 12
252 367 12
155 307 12
280 367 12
283 366 12
186 121 12
284 367 12
190 121 12
294 367 12
138 367 12
235 367 12
269 307 12
72 1 12
254 367 12
57 109 12
348 109 12
137 367 12
234 367 12
43 367 12
237 367 12
140 367 12
282 367 12
329 109 12
122 245 13
184 256 13
148 245 13
62 157 13
163 245 13
44 256 13
214 167 13
124 245 13
194 256 13
197 157 13
236 27 13
149 245 13
161 256 13
164 245 13
106 1 13
59 17 13
222 156 13
150 245 13
85 1 13
39 256 13
239 157 13
162 245 13
169 256 13
68 167 13
183 245 13
156 121 13
182 245 13
110 1 13
16 256 13
196 167 13
202 245 13
181 256 13
359 27 13
3 245 13
170 256 13
241 27 13
363 245 13
20 232 13
135 156 13
375 245 13
60 256 13
200 11 13
94 1 13
176 17 13
223 167 13
187 11 13
168 256 13
201 245 13
45 256 13
358 27 13
279 245 13
198 27 13
70 156 13
361 245 13
26 256 13
278 245 13
296 27 13
171 245 13
133 232 13
173 27 13
11 27 13
123 245 13
189 245 13
136 27 13
188 245 13
193 256 13
33 27 13
2 27 13
152 121 13
31 131 13
288 27 13
12 71 13
13 27 13
14 27 13
61 27 13
63 131 13
42 27 13
267 256 13
43 157 13
125 27 13
360 159 13
126 121 13
137 27 13
138 27 13
139 27 13
145 157 13
141 27 13
142 131 13
209 71 13
144 27 13
227 27 13
30 131 13
295 27 13
297 27 13
252 27 13
225 167 13
28 27 13
25 71 13
195 71 13
235 27 13
210 27 13
276 27 13
211 27 13
213 27 13
230 27 13
220 167 13
281 167 13
228 27 13
260 27 13
237 157 13
40 256 13
277 27 13
283 27 13
282 27 13
280 27 13
284 27 13
285 27 13
289 27 13
290 27 13
259 156 13
29 131 13
226 27 13
261 27 13
64 157 13
294 157 13
229 71 13
32 131 13
199 131 13
147 27 13
177 17 13
374 27 13
215 27 13
18 256 13
245 27 13
48 256 13
244 27 13
47 256 13
243 27 13
46 256 13
262 167 13
65 256 13
154 121 13
192 232 13
291 256 13
270 256 13
155 121 13
166 256 13
129 256 13
265 256 13
130 17 13
157 121 13
158 256 13
212 27 13
15 256 13
71 231 13
268 256 13
186 256 13
190 17 13
191 256 13
185 256 13
178 256 13
179 256 13
180 256 13
238 27 13
41 17 13
242 17 13
67 256 13
264 232 13
233 27 13
36 232 13
66 17 13
263 256 13
362 256 13
165 256 13
160 322 13
357 322 13
272 256 13
172 256 13
369 256 13
4 256 13
368 256 13
271 256 13
365 256 13
167 231 13
364 256 13
373 256 13
292 256 13
159 231 13
293 256 13
274 256 13
174 256 13
371 256 13
72 1 13
269 17 13
366 256 13
367 256 13
275 256 13
175 256 13
372 256 13
273 256 13
370 256 13
58 109 13
334 109 13
224 27 13
27 231 13
121 72 13
318 72 13
319 72 13
51 97 13
248 72 13
134 232 13
131 121 13
328 109 13
234 27 13
37 73 13
257 73 13
8 99 13
205 72 13
302 94 13
320 72 13
219 97 13
22 99 13
313 94 13
19 256 13
216 97 13
321 72 13
203 94 13
6 97 13
305 97 13
9 99 13
253 27 13
56 109 13
347 97 13
53 99 13
250 72 13
151 121 13
348 94 13
251 109 13
254 27 13
57 94 13
204 94 13
7 94 13
132 256 13
329 94 13
286 73 13
287 73 13
140 131 13
337 72 13
240 99 13
299 73 13
306 73 13
301 94 13
308 99 13
221 167 13
24 256 13
21 256 13
218 97 13
312 97 13
322 72 13
247 72 13
338 109 13
249 109 13
52 99 13
49 322 13
246 109 13
146 157 13
343 73 13
153 121 13
350 99 13
143 156 13
340 109 13
35 94 13
317 109 13
314 99 13
217 97 13
311 109 13
323 72 13
113 1 13
127 256 13
324 72 13
34 109 13
128 256 13
325 109 13
69 156 13
266 232 13
122 243 14
184 54 14
148 290 14
62 180 14
163 290 14
44 54 14
214 179 14
124 235 14
194 121 14
197 180 14
236 67 14
149 290 14
161 54 14
164 290 14
59 54 14
222 67 14
150 42 14
39 330 14
239 180 14
162 290 14
169 54 14
68 179 14
183 290 14
156 54 14
182 290 14
16 330 14
196 179 14
202 290 14
181 54 14
359 67 14
3 290 14
170 330 14
241 67 14
363 290 14
20 121 14
135 67 14
375 290 14
60 10 14
200 290 14
176 54 14
223 131 14
187 290 14
168 54 14
201 290 14
45 54 14
358 67 14
279 290 14
198 67 14
361 290 14
26 54 14
278 290 14
296 166 14
123 290 14
189 290 14
136 166 14
188 290 14
193 121 14
152 54 14
288 67 14
61 166 14
42 67 14
70 67 14
267 54 14
43 180 14
125 67 14
360 67 14
126 54 14
137 67 14
138 67 14
139 166 14
141 67 14
142 180 14
143 67 14
12 67 14
209 67 14
144 67 14
227 67 14
30 180 14
295 166 14
297 166 14
225 131 14
28 166 14
25 67 14
195 67 14
235 67 14
13 67 14
210 67 14
276 67 14
14 67 14
211 67 14
213 67 14
33 131 14
230 67 14
281 179 14
31 67 14
228 67 14
234 67 14
63 67 14
260 67 14
237 180 14
40 10 14
253 67 14
254 67 14
277 166 14
283 166 14
282 67 14
280 67 14
284 67 14
285 67 14
146 180 14
289 67 14
259 67 14
29 67 14
226 67 14
261 67 14
64 180 14
294 180 14
140 179 14
229 67 14
32 67 14
2 67 14
199 179 14
147 166 14
177 54 14
374 67 14
215 67 14
18 54 14
216 117 14
19 54 14
244 67 14
47 54 14
243 67 14
46 54 14
262 179 14
65 121 14
154 54 14
192 121 14
291 54 14
155 54 14
264 50 14
67 54 14
128 330 14
129 54 14
130 54 14
131 121 14
157 54 14
158 330 14
212 166 14
15 10 14
132 121 14
186 331 14
191 54 14
185 10 14
180 54 14
238 166 14
41 54 14
245 67 14
48 54 14
242 54 14
364 54 14
167 54 14
331 99 14
134 50 14
233 67 14
36 50 14
166 54 14
66 54 14
263 331 14
224 67 14
27 54 14
178 121 14
175 330 14
372 54 14
275 54 14
272 54 14
172 331 14
369 54 14
371 54 14
174 54 14
171 290 14
368 54 14
271 54 14
71 54 14
268 330 14
365 54 14
179 54 14
373 54 14
265 10 14
165 54 14
362 54 14
293 54 14
121 72 14
21 54 14
218 117 14
221 179 14
24 54 14
274 54 14
72 1 14
269 54 14
366 54 14
270 54 14
367 54 14
273 10 14
173 166 14
370 54 14
252 67 14
55 116 14
51 117 14
145 131 14
342 116 14
5 116 14
4 54 14
127 54 14
321 117 14
10 99 14
207 116 14
219 72 14
312 117 14
133 50 14
330 99 14
151 54 14
54 99 14
160 54 14
357 54 14
49 54 14
220 179 14
23 116 14
217 117 14
292 54 14
309 72 14
6 117 14
305 117 14
11 67 14
208 116 14
190 54 14
290 67 14
93 1 14
50 72 14
159 54 14
153 50 14
347 117 14
69 67 14
266 50 14
122 195 15
184 344 15
148 229 15
62 127 15
163 229 15
44 255 15
214 21 15
124 229 15
194 255 15
197 127 15
236 270 15
149 229 15
161 255 15
164 12 15
59 255 15
222 184 15
150 25 15
39 121 15
239 131 15
162 229 15
115 1 15
169 255 15
68 21 15
183 229 15
156 255 15
182 229 15
16 332 15
196 21 15
202 229 15
181 255 15
359 270 15
3 229 15
170 332 15
241 270 15
363 229 15
20 121 15
135 131 15
375 229 15
60 303 15
200 229 15
176 255 15
223 131 15
187 229 15
168 255 15
201 229 15
45 255 15
358 270 15
279 229 15
198 270 15
70 184 15
361 209 15
88 1 15
26 255 15
278 229 15
296 18 15
171 31 15
133 335 15
173 18 15
11 270 15
123 229 15
189 29 15
136 18 15
188 229 15
89 1 15
193 303 15
33 18 15
2 270 15
152 255 15
31 270 15
288 270 15
12 270 15
13 270 15
14 270 15
61 18 15
63 131 15
42 270 15
267 255 15
125 270 15
360 270 15
126 121 15
137 270 15
138 270 15
139 18 15
142 131 15
143 184 15
209 270 15
144 270 15
227 270 15
30 127 15
295 18 15
297 18 15
225 21 15
28 131 15
25 270 15
195 270 15
235 270 15
210 270 15
276 270 15
211 270 15
213 270 15
230 270 15
281 21 15
228 270 15
234 270 15
260 270 15
237 127 15
40 121 15
277 131 15
283 18 15
282 270 15
280 270 15
284 270 15
285 270 15
146 131 15
290 270 15
259 184 15
29 270 15
226 270 15
261 270 15
64 127 15
294 127 15
140 21 15
229 270 15
32 270 15
199 21 15
147 18 15
177 255 15
374 270 15
215 270 15
18 121 15
245 270 15
48 255 15
244 270 15
47 255 15
243 270 15
46 121 15
262 21 15
65 332 15
154 255 15
192 335 15
291 255 15
270 344 15
155 255 15
166 255 15
128 332 15
129 255 15
265 303 15
130 255 15
131 121 15
157 255 15
158 332 15
212 18 15
15 303 15
186 255 15
190 255 15
191 255 15
185 303 15
180 255 15
238 18 15
41 255 15
242 255 15
364 255 15
167 255 15
67 255 15
264 335 15
134 335 15
233 270 15
36 335 15
66 255 15
263 255 15
224 270 15
27 255 15
362 255 15
165 255 15
160 255 15
357 255 15
272 255 15
172 255 15
369 255 15
4 255 15
368 255 15
271 255 15
71 255 15
268 332 15
365 255 15
179 255 15
373 255 15
49 255 15
292 255 15
159 255 15
293 255 15
274 255 15
174 255 15
371 255 15
72 1 15
269 255 15
366 316 15
367 316 15
178 255 15
275 255 15
175 332 15
372 255 15
273 303 15
370 255 15
52 102 15
252 270 15
55 95 15
58 109 15
34 109 15
319 102 15
248 109 15
51 72 15
145 131 15
342 95 15
348 105 15
151 255 15
320 105 15
219 96 15
22 102 15
313 109 15
19 255 15
216 72 15
321 96 15
250 72 15
53 102 15
203 105 15
6 96 15
208 95 15
305 96 15
9 102 15
253 270 15
56 109 15
347 96 15
302 105 15
301 109 15
104 1 15
204 105 15
7 105 15
132 121 15
329 105 15
218 96 15
21 121 15
312 96 15
221 21 15
24 255 15
121 72 15
254 270 15
57 72 15
251 109 15
308 102 15
141 270 15
338 109 15
153 335 15
350 102 15
309 95 15
220 131 15
23 95 15
217 96 15
311 109 15
35 109 15
90 1 15
102 1 15
5 95 15
43 127 15
240 102 15
91 1 15
127 344 15
324 109 15
207 95 15
289 270 15
92 1 15
69 184 15
266 335 15
122 281 16
184 35 16
148 220 16
62 263 16
163 281 16
44 35 16
214 186 16
124 225 16
194 35 16
197 263 16
236 263 16
149 221 16
161 35 16
164 281 16
59 35 16
222 263 16
150 281 16
39 35 16
239 263 16
162 199 16
169 35 16
68 186 16
183 262 16
156 35 16
182 214 16
16 35 16
196 131 16
202 281 16
181 35 16
359 263 16
3 281 16
170 35 16
241 178 16
363 281 16
20 35 16
135 263 16
375 281 16
60 35 16
200 140 16
176 35 16
223 186 16
187 223 16
168 35 16
201 196 16
45 35 16
358 263 16
279 68 16
198 131 16
70 263 16
361 281 16
26 35 16
278 281 16
296 263 16
171 281 16
133 35 16
173 263 16
11 263 16
123 281 16
189 281 16
136 263 16
188 281 16
193 35 16
33 263 16
2 263 16
152 35 16
31 172 16
288 263 16
12 172 16
13 131 16
14 178 16
61 263 16
63 263 16
42 263 16
267 301 16
43 263 16
125 263 16
360 263 16
145 263 16
141 178 16
209 131 16
144 194 16
227 263 16
30 263 16
295 263 16
252 263 16
225 186 16
28 263 16
25 172 16
195 131 16
210 263 16
276 131 16
211 263 16
213 263 16
230 263 16
220 186 16
281 186 16
228 263 16
260 263 16
237 263 16
40 35 16
253 131 16
254 178 16
277 263 16
283 263 16
282 178 16
280 263 16
285 263 16
289 263 16
290 263 16
259 263 16
29 172 16
226 263 16
261 263 16
64 263 16
294 263 16
229 172 16
32 263 16
199 131 16
177 324 16
374 263 16
215 263 16
18 35 16
19 35 16
245 263 16
48 35 16
244 194 16
47 35 16
243 263 16
46 35 16
262 186 16
65 35 16
192 35 16
291 35 16
270 35 16
155 324 16
166 35 16
127 35 16
129 35 16
265 35 16
158 35 16
212 263 16
15 35 16
132 35 16
71 35 16
268 35 16
186 35 16
191 35 16
21 35 16
185 35 16
180 35 16
364 35 16
167 35 16
67 35 16
264 35 16
66 35 16
263 35 16
362 35 16
165 35 16
160 35 16
357 35 16
272 35 16
172 35 16
369 35 16
4 35 16
368 35 16
271 35 16
365 313 16
179 35 16
373 35 16
292 35 16
293 35 16
274 35 16
174 35 16
371 35 16
72 1 16
269 324 16
366 35 16
367 35 16
178 35 16
275 35 16
175 35 16
372 35 16
273 35 16
370 301 16
298 92 16
235 263 16
38 90 16
233 263 16
36 35 16
130 35 16
327 90 16
22 72 16
206 90 16
9 76 16
134 35 16
234 263 16
37 86 16
131 121 16
328 93 16
314 72 16
224 263 16
27 35 16
121 72 16
318 86 16
319 76 16
139 263 16
336 83 16
286 86 16
258 76 16
137 263 16
334 93 16
190 324 16
287 72 16
140 186 16
337 107 16
240 76 16
205 86 16
8 107 16
299 86 16
159 35 16
353 83 16
306 86 16
308 76 16
310 76 16
221 186 16
24 35 16
315 72 16
349 76 16
255 75 16
297 263 16
100 1 16
138 263 16
335 75 16
316 72 16
53 76 16
147 263 16
344 75 16
247 93 16
242 35 16
142 263 16
339 90 16
238 263 16
41 121 16
332 75 16
303 75 16
249 74 16
52 76 16
49 35 16
246 93 16
146 263 16
343 86 16
153 35 16
350 76 16
143 263 16
340 74 16
284 263 16
87 1 16
317 72 16
151 35 16
345 76 16
126 35 16
323 74 16
157 35 16
354 83 16
257 86 16
304 92 16
154 35 16
351 76 16
128 35 16
325 74 16
69 263 16
266 35 16
122 374 17
184 8 17
148 374 17
62 362 17
163 374 17
44 8 17
214 274 17
124 11 17
194 314 17
197 362 17
236 274 17
149 374 17
161 8 17
164 374 17
59 8 17
222 274 17
150 374 17
85 1 17
39 8 17
239 362 17
162 374 17
169 8 17
68 274 17
183 374 17
156 8 17
182 374 17
16 8 17
196 274 17
202 374 17
181 121 17
359 274 17
3 374 17
170 8 17
241 274 17
363 374 17
20 8 17
135 274 17
60 8 17
200 374 17
187 374 17
358 181 17
279 374 17
198 274 17
361 374 17
223 274 17
26 8 17
278 374 17
296 274 17
133 8 17
123 374 17
189 374 17
136 274 17
188 374 17
193 8 17
152 8 17
288 274 17
61 274 17
42 131 17
70 274 17
267 8 17
43 131 17
125 274 17
360 274 17
126 8 17
138 274 17
139 274 17
141 274 17
142 362 17
143 274 17
12 274 17
209 274 17
144 274 17
227 274 17
30 362 17
295 274 17
297 274 17
225 274 17
28 274 17
25 274 17
195 274 17
235 272 17
13 274 17
210 274 17
276 274 17
14 274 17
211 181 17
213 181 17
33 274 17
230 181 17
281 274 17
31 274 17
228 274 17
234 274 17
63 274 17
260 274 17
237 362 17
40 8 17
253 274 17
254 274 17
277 274 17
282 274 17
280 274 17
284 274 17
285 274 17
146 362 17
289 274 17
290 272 17
259 274 17
357 8 17
160 8 17
261 274 17
64 362 17
294 362 17
147 274 17
19 8 17
244 274 17
47 8 17
153 8 17
243 272 17
46 8 17
262 274 17
65 8 17
154 8 17
192 8 17
291 8 17
155 8 17
264 8 17
67 337 17
127 8 17
128 8 17
29 274 17
226 274 17
229 274 17
32 274 17
129 8 17
130 8 17
328 118 17
131 121 17
157 8 17
158 8 17
212 274 17
15 8 17
132 8 17
186 314 17
190 8 17
191 8 17
21 8 17
151 8 17
185 8 17
177 8 17
374 274 17
180 121 17
369 8 17
172 314 17
366 8 17
72 1 17
269 8 17
245 274 17
48 8 17
45 8 17
242 8 17
364 8 17
167 8 17
69 274 17
266 8 17
166 337 17
263 314 17
66 8 17
134 8 17
375 374 17
178 121 17
175 8 17
372 8 17
275 8 17
272 314 17
201 374 17
4 8 17
233 274 17
36 8 17
371 8 17
174 8 17
171 374 17
368 8 17
271 8 17
71 8 17
268 8 17
168 8 17
365 8 17
179 121 17
176 8 17
373 8 17
246 118 17
49 8 17
265 8 17
165 8 17
362 314 17
159 8 17
173 274 17
370 8 17
273 8 17
270 8 17
367 8 17
238 274 17
41 8 17
252 274 17
55 86 17
292 8 17
293 8 17
2 274 17
199 274 17
5 86 17
140 274 17
137 131 17
334 118 17
121 72 17
221 274 17
24 8 17
11 274 17
208 86 17
145 362 17
342 86 17
224 274 17
27 8 17
215 181 17
18 8 17
309 72 17
220 274 17
23 86 17
207 86 17
247 118 17
274 314 17
283 274 17
86 1 17
122 2 18
184 356 18
148 2 18
62 4 18
163 2 18
44 356 18
214 4 18
124 2 18
194 356 18
197 4 18
236 4 18
149 2 18
161 356 18
164 2 18
59 356 18
222 4 18
150 2 18
39 356 18
239 4 18
162 2 18
169 356 18
68 4 18
183 2 18
156 356 18
182 2 18
196 4 18
202 2 18
181 356 18
359 4 18
241 4 18
20 356 18
135 4 18
60 300 18
3 2 18
200 2 18
187 2 18
358 4 18
279 2 18
198 4 18
361 2 18
223 4 18
26 356 18
278 2 18
296 4 18
133 356 18
11 4 18
123 2 18
189 2 18
136 4 18
188 2 18
193 300 18
152 356 18
288 4 18
61 4 18
42 4 18
70 4 18
267 356 18
43 4 18
125 4 18
360 4 18
126 356 18
137 4 18
138 4 18
139 4 18
145 4 18
141 4 18
142 4 18
143 4 18
12 4 18
209 4 18
144 4 18
227 4 18
30 4 18
295 4 18
297 4 18
252 4 18
225 4 18
28 4 18
25 4 18
195 4 18
235 4 18
13 4 18
210 4 18
276 4 18
14 4 18
211 4 18
16 356 18
213 4 18
33 4 18
230 4 18
220 4 18
31 4 18
228 4 18
234 4 18
63 4 18
260 4 18
237 4 18
40 300 18
253 4 18
254 4 18
280 4 18
284 4 18
285 4 18
290 4 18
357 356 18
160 356 18
261 4 18
64 4 18
294 4 18
140 4 18
2 4 18
199 4 18
147 4 18
15 121 18
212 4 18
215 4 18
18 356 18
19 356 18
244 4 18
47 356 18
153 356 18
243 4 18
46 356 18
259 4 18
262 4 18
65 356 18
154 356 18
289 4 18
192 356 18
291 356 18
155 356 18
264 356 18
67 356 18
127 356 18
128 356 18
29 4 18
226 4 18
229 4 18
32 4 18
129 356 18
130 356 18
131 121 18
157 356 18
158 356 18
132 356 18
283 4 18
186 356 18
191 356 18
21 356 18
364 356 18
167 356 18
369 356 18
172 356 18
366 356 18
72 1 18
269 356 18
245 4 18
48 356 18
45 356 18
242 356 18
69 4 18
266 356 18
363 2 18
166 356 18
263 356 18
66 356 18
233 4 18
36 356 18
371 356 18
174 356 18
171 2 18
368 356 18
271 356 18
71 356 18
268 356 18
168 356 18
365 356 18
282 4 18
185 300 18
179 356 18
176 356 18
373 356 18
151 356 18
292 356 18
277 4 18
177 356 18
374 4 18
180 356 18
274 356 18
175 356 18
372 356 18
275 356 18
375 2 18
178 356 18
272 356 18
281 4 18
84 1 18
159 356 18
134 356 18
362 356 18
165 356 18
121 72 18
221 4 18
24 356 18
190 356 18
146 4 18
49 356 18
173 4 18
370 356 18
273 300 18
270 356 18
170 356 18
367 356 18
265 300 18
293 356 18
238 4 18
41 356 18
224 4 18
27 356 18
201 2 18
4 356 18
122 282 19
184 37 19
148 14 19
62 131 19
163 282 19
44 287 19
214 132 19
124 282 19
194 37 19
197 65 19
236 175 19
149 282 19
81 1 19
161 121 19
164 141 19
59 37 19
222 170 19
150 282 19
85 1 19
39 299 19
239 65 19
162 253 19
169 257 19
68 132 19
183 241 19
156 37 19
182 198 19
16 299 19
196 132 19
202 282 19
181 287 19
359 175 19
3 282 19
170 299 19
241 158 19
363 282 19
20 306 19
135 170 19
375 282 19
60 318 19
200 198 19
176 37 19
223 132 19
187 282 19
168 37 19
201 254 19
45 257 19
358 39 19
279 282 19
198 158 19
70 170 19
361 282 19
88 1 19
26 286 19
278 282 19
296 131 19
171 282 19
133 121 19
173 128 19
11 175 19
123 282 19
189 282 19
136 131 19
188 282 19
193 121 19
33 128 19
2 175 19
152 37 19
31 175 19
288 175 19
12 175 19
13 268 19
14 158 19
61 128 19
63 170 19
42 175 19
267 37 19
43 65 19
125 175 19
360 175 19
126 205 19
137 39 19
138 175 19
143 131 19
209 175 19
144 131 19
227 16 19
30 65 19
297 128 19
225 131 19
28 128 19
25 175 19
195 175 19
210 131 19
276 268 19
211 131 19
213 39 19
230 39 19
281 132 19
228 131 19
234 175 19
260 16 19
237 131 19
40 121 19
277 128 19
283 128 19
282 158 19
284 175 19
285 175 19
146 131 19
289 175 19
290 175 19
259 170 19
29 175 19
226 175 19
261 170 19
64 65 19
294 65 19
229 175 19
32 175 19
199 132 19
147 131 19
177 37 19
374 175 19
215 39 19
18 37 19
245 175 19
48 286 19
244 268 19
47 257 19
153 306 19
243 175 19
46 37 19
262 132 19
65 121 19
154 205 19
192 306 19
291 121 19
270 37 19
155 37 19
166 37 19
128 299 19
129 257 19
265 318 19
131 121 19
158 299 19
212 128 19
15 318 19
71 37 19
268 299 19
186 37 19
190 37 19
191 257 19
185 318 19
238 128 19
41 37 19
67 37 19
264 306 19
134 306 19
66 37 19
263 37 19
224 175 19
27 37 19
362 287 19
165 37 19
160 121 19
357 205 19
272 121 19
172 37 19
369 37 19
4 37 19
368 37 19
271 37 19
365 37 19
167 37 19
364 37 19
49 121 19
293 37 19
274 287 19
174 343 19
371 343 19
72 1 19
269 37 19
366 37 19
367 37 19
178 37 19
275 286 19
175 299 19
372 37 19
273 318 19
370 37 19
233 175 19
36 306 19
130 37 19
327 109 19
252 16 19
55 107 19
5 107 19
34 73 19
6 91 19
203 83 19
320 83 19
321 91 19
253 158 19
56 73 19
347 91 19
250 73 19
139 128 19
336 87 19
204 83 19
7 83 19
235 175 19
38 109 19
132 299 19
329 83 19
159 37 19
353 87 19
308 72 19
111 1 19
208 107 19
108 1 19
305 91 19
258 76 19
302 83 19
58 73 19
349 76 19
151 121 19
348 83 19
254 158 19
57 83 19
251 73 19
51 91 19
248 73 19
345 76 19
301 93 19
221 131 19
24 343 19
21 37 19
218 72 19
121 72 19
309 72 19
313 72 19
19 121 19
216 91 19
310 72 19
140 131 19
337 87 19
8 87 19
242 37 19
142 131 19
339 109 19
206 109 19
220 132 19
23 107 19
314 87 19
217 91 19
311 72 19
179 37 19
373 37 19
82 1 19
35 93 19
145 131 19
342 107 19
292 287 19
295 128 19
98 1 19
127 37 19
324 93 19
207 107 19
180 37 19
280 175 19
83 1 19
219 72 19
312 72 19
157 37 19
354 87 19
69 170 19
266 306 19
141 131 19
338 73 19
122 233 20
184 247 20
148 280 20
62 66 20
163 280 20
44 246 20
214 242 20
124 280 20
194 246 20
197 66 20
236 242 20
149 280 20
161 246 20
164 138 20
59 121 20
222 59 20
150 280 20
85 1 20
39 246 20
239 66 20
162 280 20
169 246 20
68 242 20
183 280 20
156 246 20
182 280 20
16 246 20
196 242 20
202 280 20
181 246 20
359 242 20
3 280 20
170 246 20
241 242 20
363 280 20
20 121 20
135 131 20
375 280 20
60 121 20
200 280 20
176 246 20
223 242 20
187 280 20
168 246 20
201 280 20
45 246 20
358 152 20
279 280 20
198 242 20
70 59 20
361 280 20
26 328 20
278 280 20
296 130 20
171 280 20
133 334 20
173 130 20
11 242 20
123 280 20
189 125 20
136 131 20
188 280 20
89 1 20
193 246 20
152 246 20
288 242 20
61 130 20
42 242 20
267 246 20
125 176 20
360 242 20
126 246 20
137 131 20
138 131 20
139 131 20
145 66 20
141 242 20
142 66 20
143 59 20
12 130 20
209 130 20
144 242 20
227 242 20
30 66 20
295 130 20
297 130 20
252 131 20
225 242 20
28 130 20
25 131 20
195 130 20
235 242 20
13 242 20
210 242 20
14 242 20
211 152 20
213 152 20
33 130 20
230 152 20
220 242 20
281 242 20
31 130 20
228 242 20
234 242 20
63 59 20
260 242 20
237 66 20
40 246 20
253 242 20
283 131 20
282 242 20
280 176 20
284 242 20
285 242 20
146 66 20
289 242 20
290 242 20
259 59 20
29 130 20
226 242 20
261 242 20
64 66 20
140 242 20
229 130 20
32 242 20
2 242 20
199 242 20
147 130 20
177 246 20
374 242 20
215 131 20
18 247 20
245 242 20
48 328 20
244 242 20
47 246 20
243 242 20
46 246 20
262 242 20
65 246 20
154 246 20
192 334 20
291 246 20
270 247 20
155 246 20
166 246 20
127 121 20
128 246 20
129 246 20
130 246 20
131 121 20
157 246 20
158 246 20
329 80 20
132 246 20
186 246 20
190 246 20
191 246 20
185 246 20
180 246 20
238 130 20
41 246 20
242 246 20
364 246 20
167 246 20
67 246 20
264 334 20
331 109 20
134 334 20
233 176 20
36 334 20
66 246 20
263 246 20
224 242 20
27 246 20
362 246 20
165 246 20
160 246 20
357 246 20
272 246 20
172 246 20
369 246 20
4 246 20
371 246 20
174 246 20
368 246 20
271 121 20
71 246 20
268 246 20
365 246 20
49 246 20
265 246 20
292 246 20
159 246 20
293 246 20
274 246 20
277 130 20
80 1 20
178 246 20
275 328 20
175 246 20
372 246 20
273 246 20
276 242 20
79 1 20
370 246 20
19 121 20
216 72 20
219 79 20
22 114 20
6 79 20
203 80 20
9 114 20
72 1 20
269 246 20
366 246 20
319 114 20
302 80 20
367 246 20
320 80 20
51 79 20
321 79 20
217 79 20
53 114 20
305 79 20
121 72 20
21 121 20
218 72 20
221 242 20
24 246 20
212 130 20
15 246 20
306 72 20
107 1 20
10 72 20
7 80 20
204 72 20
294 66 20
97 1 20
50 109 20
330 72 20
348 80 20
151 246 20
54 109 20
69 59 20
266 334 20
307 72 20
179 246 20
373 246 20
82 1 20
312 79 20
308 114 20
254 242 20
57 80 20
52 114 20
43 131 20
240 72 20
153 334 20
350 114 20
347 79 20
122 260 21
184 251 21
148 260 21
62 131 21
163 260 21
96 1 21
44 56 21
214 191 21
124 210 21
194 56 21
197 161 21
236 47 21
149 260 21
81 1 21
161 121 21
164 227 21
59 58 21
222 191 21
150 252 21
39 250 21
239 161 21
162 260 21
169 248 21
68 131 21
183 260 21
156 56 21
182 260 21
16 250 21
196 191 21
202 260 21
181 56 21
359 47 21
3 260 21
170 250 21
241 47 21
363 260 21
20 34 21
135 191 21
375 260 21
60 311 21
200 260 21
176 58 21
223 191 21
187 260 21
168 56 21
201 260 21
45 248 21
358 47 21
279 260 21
198 47 21
70 191 21
361 260 21
26 56 21
278 260 21
296 129 21
171 260 21
75 1 21
133 121 21
173 129 21
11 47 21
123 260 21
189 260 21
136 129 21
188 260 21
193 311 21
33 129 21
2 47 21
152 121 21
31 47 21
61 129 21
42 47 21
267 56 21
43 131 21
125 45 21
360 47 21
126 121 21
137 47 21
138 45 21
141 47 21
142 161 21
143 191 21
12 47 21
209 47 21
144 47 21
227 131 21
30 161 21
295 129 21
297 129 21
225 191 21
28 131 21
25 47 21
195 47 21
235 47 21
13 47 21
210 169 21
276 47 21
14 47 21
211 47 21
213 131 21
230 47 21
281 191 21
228 47 21
63 131 21
260 169 21
237 161 21
40 311 21
253 47 21
277 129 21
283 129 21
282 47 21
280 45 21
284 47 21
285 47 21
289 47 21
290 47 21
259 191 21
29 47 21
226 47 21
261 47 21
64 131 21
294 161 21
140 191 21
229 47 21
32 47 21
199 191 21
147 129 21
177 56 21
374 47 21
215 47 21
18 251 21
245 47 21
48 56 21
244 47 21
47 248 21
153 34 21
243 47 21
46 56 21
262 191 21
65 250 21
154 338 21
192 34 21
291 56 21
270 251 21
155 56 21
166 56 21
127 121 21
128 121 21
129 121 21
265 121 21
130 121 21
131 121 21
354 106 21
157 56 21
158 250 21
329 108 21
132 121 21
186 56 21
191 248 21
348 108 21
151 121 21
185 311 21
180 56 21
238 131 21
41 56 21
242 58 21
364 56 21
167 56 21
67 56 21
264 34 21
233 131 21
36 34 21
66 58 21
263 56 21
362 56 21
165 56 21
160 338 21
357 338 21
71 56 21
268 250 21
365 56 21
179 56 21
373 56 21
49 338 21
292 56 21
293 56 21
77 1 21
274 56 21
174 56 21
371 56 21
369 56 21
172 56 21
72 1 21
269 56 21
366 56 21
367 56 21
178 56 21
78 1 21
275 56 21
175 250 21
372 56 21
273 311 21
370 56 21
252 169 21
55 109 21
224 47 21
27 56 21
121 72 21
318 80 21
51 101 21
145 161 21
342 109 21
134 121 21
234 47 21
37 80 21
146 161 21
343 80 21
6 101 21
203 72 21
320 108 21
19 56 21
216 101 21
321 101 21
220 191 21
23 109 21
217 101 21
208 72 21
305 72 21
205 72 21
302 72 21
254 47 21
57 108 21
272 56 21
219 101 21
299 80 21
303 72 21
257 80 21
207 109 21
304 72 21
5 109 21
190 56 21
287 80 21
368 56 21
271 56 21
218 72 21
21 251 21
312 101 21
221 191 21
24 56 21
159 56 21
353 72 21
212 129 21
15 311 21
306 80 21
286 72 21
309 109 21
69 191 21
266 34 21
139 129 21
336 106 21
204 108 21
7 108 21
4 56 21
101 1 21
288 47 21
91 1 21
347 101 21
122 230 22
184 121 22
148 213 22
62 275 22
163 230 22
44 5 22
214 19 22
124 137 22
194 121 22
197 275 22
236 275 22
149 215 22
161 5 22
164 230 22
59 309 22
222 275 22
150 230 22
39 23 22
239 275 22
162 211 22
169 5 22
68 19 22
183 230 22
156 5 22
182 230 22
16 23 22
196 19 22
202 230 22
181 5 22
359 275 22
3 230 22
170 23 22
241 275 22
363 230 22
20 5 22
135 275 22
375 358 22
60 5 22
200 230 22
176 121 22
223 131 22
187 211 22
168 5 22
201 230 22
358 275 22
279 230 22
198 275 22
361 230 22
26 5 22
278 230 22
296 48 22
11 275 22
123 230 22
189 230 22
136 48 22
188 230 22
193 5 22
152 309 22
288 275 22
61 48 22
42 275 22
70 275 22
267 5 22
43 275 22
125 131 22
360 275 22
126 5 22
137 275 22
138 26 22
145 275 22
141 275 22
143 275 22
12 275 22
209 275 22
144 275 22
227 275 22
30 275 22
295 48 22
297 48 22
252 275 22
225 131 22
28 48 22
25 275 22
195 275 22
13 275 22
210 275 22
14 275 22
211 275 22
213 275 22
33 48 22
230 275 22
220 19 22
281 19 22
31 275 22
228 275 22
234 275 22
63 275 22
260 275 22
237 275 22
40 5 22
253 275 22
254 275 22
277 48 22
283 48 22
282 275 22
280 26 22
284 275 22
285 275 22
146 275 22
289 275 22
290 275 22
259 275 22
29 275 22
226 275 22
261 275 22
64 275 22
294 275 22
140 19 22
229 275 22
32 275 22
2 275 22
199 19 22
147 48 22
215 275 22
18 208 22
19 5 22
244 275 22
47 5 22
153 5 22
243 275 22
46 5 22
154 5 22
192 5 22
291 5 22
155 121 22
264 5 22
67 55 22
324 72 22
127 208 22
128 23 22
129 5 22
131 121 22
354 80 22
157 5 22
158 23 22
212 48 22
15 5 22
186 207 22
190 309 22
191 5 22
21 208 22
185 5 22
177 121 22
374 275 22
180 55 22
238 48 22
41 309 22
364 5 22
167 5 22
331 80 22
134 5 22
166 55 22
263 207 22
66 121 22
160 5 22
357 5 22
371 342 22
174 121 22
271 5 22
171 230 22
368 5 22
274 5 22
178 121 22
175 23 22
372 5 22
275 5 22
272 5 22
172 121 22
369 5 22
4 5 22
71 5 22
268 121 22
365 5 22
179 55 22
373 5 22
265 5 22
165 5 22
362 5 22
293 5 22
72 1 22
269 309 22
366 5 22
76 1 22
273 5 22
276 275 22
79 1 22
173 48 22
370 5 22
270 208 22
367 5 22
235 275 22
38 83 22
233 26 22
36 5 22
130 309 22
327 83 22
353 80 22
356 109 22
159 5 22
206 83 22
300 72 22
121 72 22
221 19 22
24 342 22
133 5 22
330 80 22
139 131 22
336 72 22
151 5 22
54 80 22
50 80 22
69 275 22
266 5 22
49 5 22
292 5 22
301 72 22
10 80 22
245 275 22
48 5 22
45 5 22
242 309 22
142 275 22
339 83 22
224 275 22
27 5 22
262 131 22
65 23 22
313 115 22
132 23 22
35 115 22
90 1 22
148 289 23
214 369 23
197 368 23
236 368 23
149 289 23
312 109 23
68 131 23
183 289 23
182 289 23
196 369 23
202 289 23
162 289 23
359 368 23
241 368 23
363 289 23
135 165 23
9 109 23
375 289 23
3 289 23
200 289 23
223 369 23
187 289 23
201 289 23
358 368 23
279 289 23
198 368 23
70 131 23
164 289 23
361 289 23
278 289 23
296 369 23
171 289 23
173 131 23
11 368 23
123 289 23
189 289 23
75 1 23
199 369 23
2 368 23
288 368 23
209 368 23
12 368 23
210 368 23
13 368 23
305 109 23
211 368 23
14 368 23
61 369 23
260 368 23
63 165 23
239 368 23
42 368 23
139 369 23
145 368 23
142 368 23
143 165 23
230 368 23
33 369 23
30 368 23
227 368 23
144 368 23
228 368 23
31 368 23
28 369 23
225 369 23
141 368 23
238 369 23
295 369 23
226 368 23
29 368 23
252 368 23
22 72 23
219 109 23
222 131 23
25 368 23
195 368 23
138 368 23
235 368 23
276 368 23
308 109 23
213 368 23
52 109 23
147 369 23
244 368 23
131 121 23
51 109 23
245 368 23
221 369 23
216 109 23
64 368 23
261 368 23
163 289 23
360 368 23
69 165 23
254 368 23
374 368 23
277 369 23
283 369 23
282 368 23
284 368 23
188 289 23
285 368 23
243 368 23
146 368 23
289 368 23
290 368 23
229 368 23
32 368 23
294 368 23
220 369 23
53 72 23
297 369 23
6 109 23
253 368 23
350 109 23
62 368 23
259 165 23
212 369 23
125 368 23
122 234 23
319 109 23
215 368 23
262 369 23
218 109 23
121 72 23
136 369 23
233 368 23
280 368 23
224 368 23
124 289 23
321 109 23
217 109 23
281 369 23
137 368 23
234 368 23
240 109 23
43 368 23
237 368 23
140 369 23
150 289 23
347 109 23
72 1 23
122 288 24
184 326 24
148 288 24
62 293 24
163 288 24
44 355 24
214 293 24
124 236 24
194 355 24
197 293 24
236 293 24
149 288 24
161 121 24
164 288 24
59 355 24
222 293 24
150 288 24
39 355 24
239 293 24
162 288 24
169 341 24
68 131 24
183 288 24
156 355 24
182 288 24
16 355 24
196 293 24
202 288 24
181 355 24
359 293 24
3 288 24
170 355 24
241 293 24
20 355 24
135 293 24
60 355 24
200 288 24
187 288 24
358 293 24
279 288 24
198 293 24
361 288 24
223 293 24
26 355 24
278 288 24
296 293 24
133 355 24
11 293 24
123 288 24
189 288 24
136 293 24
188 288 24
193 355 24
152 355 24
288 293 24
61 293 24
42 293 24
70 293 24
267 355 24
43 293 24
125 293 24
360 293 24
126 355 24
137 293 24
138 293 24
139 293 24
145 293 24
142 293 24
143 293 24
12 293 24
209 293 24
144 293 24
227 293 24
30 293 24
295 293 24
297 293 24
252 293 24
225 293 24
28 293 24
25 293 24
195 293 24
235 293 24
13 293 24
210 293 24
276 293 24
14 293 24
211 293 24
213 293 24
33 293 24
230 293 24
220 293 24
281 293 24
31 293 24
228 293 24
234 293 24
63 293 24
260 293 24
237 293 24
40 355 24
254 293 24
277 293 24
283 293 24
282 293 24
280 293 24
284 293 24
285 293 24
146 293 24
290 293 24
357 355 24
160 355 24
261 293 24
64 293 24
294 293 24
140 293 24
2 293 24
199 293 24
147 293 24
15 355 24
212 293 24
215 293 24
18 326 24
19 355 24
243 293 24
46 355 24
259 293 24
262 293 24
65 355 24
289 293 24
192 355 24
291 355 24
264 355 24
67 355 24
127 121 24
128 355 24
29 293 24
226 293 24
229 293 24
32 293 24
129 341 24
130 355 24
157 355 24
158 355 24
132 355 24
186 355 24
190 355 24
191 341 24
21 326 24
245 293 24
48 355 24
45 341 24
242 355 24
269 355 24
72 1 24
69 293 24
266 355 24
363 288 24
166 355 24
263 355 24
66 355 24
177 355 24
374 293 24
180 355 24
371 355 24
174 355 24
74 1 24
271 355 24
171 288 24
368 355 24
274 355 24
134 355 24
375 288 24
178 355 24
175 355 24
372 355 24
275 355 24
75 1 24
272 355 24
172 121 24
369 355 24
201 288 24
4 355 24
233 293 24
36 355 24
71 355 24
268 355 24
168 355 24
365 355 24
167 355 24
364 355 24
185 355 24
179 355 24
176 355 24
373 355 24
265 355 24
165 355 24
362 355 24
155 355 24
58 87 24
293 355 24
121 72 24
221 293 24
24 355 24
173 293 24
370 355 24
273 355 24
270 326 24
367 355 24
238 293 24
41 355 24
244 293 24
47 341 24
141 293 24
338 87 24
153 355 24
250 87 24
253 293 24
56 87 24
366 355 24
131 121 24
34 87 24
292 355 24
159 355 24
154 355 24
251 72 24
311 87 24
224 293 24
27 355 24
151 355 24
248 87 24
49 355 24
122 2 25
148 2 25
214 372 25
124 2 25
197 372 25
236 372 25
149 2 25
150 2 25
68 372 25
183 2 25
182 2 25
196 372 25
202 2 25
162 2 25
359 372 25
241 372 25
363 2 25
135 168 25
375 2 25
3 2 25
200 2 25
201 2 25
279 2 25
70 131 25
164 2 25
361 2 25
278 2 25
171 2 25
173 372 25
11 372 25
189 2 25
199 372 25
2 372 25
288 372 25
209 372 25
12 372 25
210 372 25
13 372 25
211 372 25
14 372 25
61 372 25
260 372 25
63 168 25
239 372 25
42 372 25
139 372 25
145 372 25
142 372 25
143 168 25
230 372 25
33 372 25
30 372 25
227 372 25
144 372 25
228 372 25
31 372 25
28 372 25
225 372 25
224 372 25
141 372 25
238 372 25
198 372 25
295 372 25
297 372 25
223 372 25
226 372 25
29 372 25
252 372 25
125 372 25
147 372 25
244 372 25
131 121 25
245 372 25
221 372 25
358 372 25
64 372 25
261 372 25
163 2 25
360 372 25
69 168 25
253 372 25
254 372 25
374 372 25
277 372 25
283 372 25
136 372 25
233 372 25
280 372 25
187 2 25
284 372 25
243 372 25
146 372 25
276 372 25
32 372 25
229 372 25
195 372 25
289 372 25
290 372 25
294 372 25
281 372 25
137 372 25
234 372 25
43 372 25
237 372 25
140 372 25
296 372 25
138 372 25
235 372 25
282 372 25
215 372 25
262 372 25
121 72 25
212 372 25
62 372 25
259 168 25
188 2 25
285 372 25
123 2 25
220 372 25
222 168 25
25 372 25
213 372 25
72 1 25
122 284 26
184 351 26
148 285 26
62 4 26
163 285 26
44 351 26
214 4 26
124 285 26
194 351 26
197 4 26
236 4 26
149 285 26
161 351 26
164 285 26
59 351 26
222 4 26
150 285 26
39 351 26
239 4 26
162 285 26
169 351 26
68 4 26
183 285 26
156 351 26
182 285 26
16 351 26
196 4 26
202 285 26
181 351 26
359 4 26
241 131 26
20 351 26
135 4 26
60 351 26
3 285 26
200 285 26
187 285 26
358 4 26
279 285 26
198 4 26
361 285 26
223 4 26
26 351 26
278 285 26
296 271 26
133 351 26
11 4 26
123 224 26
189 285 26
136 271 26
188 285 26
193 351 26
152 351 26
288 4 26
61 271 26
42 4 26
70 4 26
267 351 26
43 4 26
125 4 26
360 4 26
126 351 26
137 4 26
138 4 26
139 271 26
145 4 26
141 4 26
142 4 26
143 4 26
12 4 26
209 4 26
144 4 26
227 4 26
30 4 26
295 131 26
297 271 26
252 4 26
225 4 26
28 271 26
25 4 26
195 4 26
235 4 26
13 4 26
210 4 26
276 4 26
14 4 26
211 4 26
213 4 26
33 271 26
230 4 26
220 4 26
281 4 26
31 4 26
228 4 26
234 4 26
63 4 26
260 4 26
237 4 26
40 351 26
253 4 26
254 4 26
277 271 26
283 271 26
280 4 26
284 4 26
285 4 26
290 4 26
357 351 26
160 351 26
261 4 26
64 4 26
294 4 26
140 4 26
2 4 26
199 4 26
147 271 26
15 351 26
212 271 26
215 4 26
18 351 26
19 351 26
244 4 26
47 351 26
153 351 26
243 4 26
46 351 26
259 4 26
262 4 26
65 351 26
154 351 26
289 4 26
192 351 26
291 351 26
155 351 26
264 351 26
67 351 26
127 351 26
128 351 26
29 4 26
226 4 26
229 4 26
32 4 26
129 351 26
130 351 26
131 121 26
157 351 26
158 351 26
132 351 26
186 351 26
191 351 26
21 351 26
369 351 26
172 351 26
366 351 26
72 1 26
269 351 26
245 4 26
48 351 26
45 351 26
242 351 26
364 351 26
167 351 26
69 4 26
266 351 26
363 285 26
166 351 26
263 351 26
66 351 26
233 4 26
36 351 26
371 351 26
174 351 26
274 351 26
77 1 26
171 285 26
368 351 26
271 351 26
71 121 26
268 351 26
168 351 26
365 351 26
270 351 26
73 1 26
282 4 26
185 351 26
179 351 26
176 351 26
373 351 26
151 351 26
292 351 26
265 351 26
165 351 26
362 351 26
293 351 26
190 351 26
146 4 26
49 351 26
177 351 26
374 4 26
180 351 26
159 351 26
275 351 26
175 351 26
372 351 26
375 285 26
178 351 26
272 351 26
173 271 26
370 351 26
273 351 26
170 351 26
367 351 26
201 285 26
4 351 26
134 351 26
121 72 26
221 4 26
24 351 26
299 72 26
224 4 26
27 351 26
238 271 26
41 351 26
122 2 27
148 2 27
214 4 27
124 2 27
197 4 27
236 4 27
149 2 27
150 2 27
68 4 27
183 2 27
182 2 27
196 4 27
202 2 27
162 2 27
359 4 27
241 4 27
363 2 27
135 4 27
375 2 27
3 2 27
200 2 27
201 2 27
279 2 27
70 4 27
164 2 27
361 2 27
278 2 27
171 2 27
173 4 27
11 4 27
189 2 27
199 4 27
2 4 27
288 4 27
209 4 27
12 4 27
210 4 27
13 4 27
211 4 27
14 4 27
61 4 27
260 4 27
63 4 27
239 4 27
42 4 27
139 4 27
145 4 27
142 4 27
143 4 27
230 4 27
33 4 27
30 4 27
227 4 27
144 4 27
228 4 27
31 4 27
28 4 27
225 4 27
224 4 27
141 4 27
238 4 27
198 4 27
295 4 27
297 4 27
223 4 27
226 4 27
29 4 27
252 4 27
125 4 27
147 4 27
244 4 27
131 121 27
245 4 27
221 4 27
358 4 27
64 4 27
261 4 27
163 2 27
360 4 27
69 4 27
253 4 27
254 4 27
374 4 27
277 4 27
283 4 27
136 4 27
233 4 27
280 4 27
187 2 27
284 4 27
243 4 27
146 4 27
276 4 27
32 4 27
229 4 27
195 4 27
289 4 27
290 4 27
294 4 27
281 4 27
137 4 27
234 4 27
43 4 27
237 4 27
140 4 27
296 4 27
138 4 27
235 4 27
282 4 27
215 4 27
262 4 27
121 72 27
212 4 27
62 4 27
259 4 27
188 2 27
285 4 27
123 2 27
220 4 27
222 4 27
25 4 27
213 4 27
72 1 27
1
