0
0
0
0
0
0
0
0
0
0
0
0
0
0
0
0
0
0
0
0
0
0
0
0
0
0
0
0
0
0
0
0
0
0
0
0
0
0
0
0
0
0
0
0
0
0
0
0
0
0
0
0
0
0
0
0
0
0
0
0
0
0
0
0
0
0
0
0
0
0
0
0
0
0
0
0
0
0
0
0
0
0
0
0
0
0
0
0
0
0
0
0
0
0
0
0
0
0
0
0
0
0
0
0
0
0
0
0
0
0
0
0
0
0
0
0
0
0
0
0
0
0
0
0
0
0
0
0
0
0
0
0
0
0
0
0
0
0
0
0
0
0
0
0
0
0
0
0
0
0
0
0
0
0
0
0
0
0
0
0
0
0
0
0
0
0
0
0
0
0
0
0
0
0
0
0
0
0
0
0
0
0
0
0
0
0
0
0
0
0
0
0
0
0
0
0
0
0
0
0
0
0
0
0
0
0
0
0
0
0
0
0
0
0
0
0
0
0
0
0
0
0
0
0
0
0
0
0
0
0
0
0
0
0
0
0
0
0
0
0
0
0
0
0
0
0
0
0
0
0
0
0
0
0
0
0
0
0
0
0
0
0
0
0
0
0
0
0
0
0
0
0
0
0
0
0
0
0
0
0
0
0
0
0
0
0
0
0
0
0
0
0
0
0
0
0
0
0
0
0
0
0
0
0
0
0
0
0
0
0
0
0
0
0
0
0
0
0
0
0
0
0
0
0
0
0
0
0
0
0
0
0
0
0
0
0
0
0
0
0
0
0
0
0
0
0
0
0
0
0
0
0
0
0
0
0
0
0
0
0
0
0
0
0
0
0
0
0
0
0
0
0
0
0
0
0
0
0
0
0
0
0
0
0
0
0
0
0
0
0
0
0
0
0
0
0
0
0
0
0
0
54963
0
0
0
0
54963
0
0
0
0
54963
0
18100
0
0
54963
0
0
36957
0
54963
0
0
36957
54396
54963
0
0
36957
54396
0
0
0
36957
54396
0
55689
0
36957
54396
0
55689
0
36957
54396
0
55689
0
0
54396
0
55689
0
0
0
0
55689
0
0
0
0
55689
0
0
0
0
0
0
0
0
0
0
36103
0
0
0
0
36103
18106
0
0
0
36103
18106
74382
0
0
36103
18106
74382
36848
0
36103
18106
74382
36848
0
36103
18106
74382
36848
0
18739
18106
74382
36848
0
19411
0
74382
36848
0
19411
0
0
36848
0
19411
0
0
54218
0
19411
0
0
54218
0
19411
0
0
54218
0
36185
0
0
54218
0
0
0
0
54218
0
0
0
0
54218
0
0
0
0
74583
0
0
0
0
74583
0
0
0
0
74583
0
69916
0
0
74583
0
69916
72405
0
74583
0
69916
72405
75177
74583
0
69916
72405
75177
0
0
69916
72405
75177
0
0
69916
72405
75177
0
0
0
72405
75177
0
0
0
0
75177
0
0
0
0
56421
0
0
0
0
56421
37626
0
0
0
56421
37626
0
0
0
56421
37626
0
18834
0
56421
37626
0
18834
55810
56421
37626
0
18834
55810
56045
37626
0
18834
55810
56045
0
0
18834
55810
56045
0
0
18834
55810
56045
0
0
0
55810
56045
0
0
0
18834
56045
0
0
0
18834
0
0
0
0
18834
0
0
0
0
18834
0
0
0
0
18834
0
0
0
18752
18834
0
0
0
18752
0
0
0
0
18752
0
0
0
0
18752
0
19536
74507
0
18752
0
19536
74507
18785
18752
0
19536
74507
0
54382
0
19536
74507
0
54382
0
19536
74507
0
54382
0
19536
74507
0
54382
0
19510
0
0
54382
0
19510
0
0
54382
0
19510
0
0
0
0
19510
0
0
0
0
19510
0
0
0
0
0
0
0
0
0
0
71096
0
0
0
0
71096
0
0
0
0
71096
0
76064
0
0
71096
0
76064
0
0
71096
0
76064
0
53258
71096
0
76064
0
53258
19509
0
76064
0
53258
19484
0
76064
0
53258
19484
0
18834
0
53258
19484
0
18834
0
53258
19484
0
18834
0
53668
19484
0
18834
0
53668
56317
0
18834
0
53668
56317
74039
18834
0
53668
56317
74039
0
0
53668
56317
74039
0
74760
53668
56317
74039
0
74760
19459
56317
74039
0
74760
0
19434
74039
0
74760
0
0
74457
0
74760
0
0
74457
0
74760
0
0
74457
0
18836
0
0
74457
0
18836
0
0
74457
0
18836
36939
57064
74457
0
18836
36939
57064
57226
0
18836
36939
57064
57226
0
18836
36939
57064
57226
0
0
36939
57064
57226
0
0
0
57064
57226
0
0
0
56162
57226
0
0
0
56162
0
0
0
0
56162
0
71096
0
0
56162
0
71096
73704
0
56162
0
71096
73704
18855
56162
0
71096
73704
18855
0
0
71096
73704
18855
0
0
71096
73704
18855
0
0
0
73704
18855
0
0
0
0
18855
0
0
0
0
0
0
0
0
0
0
17472
0
0
0
0
36934
54455
0
0
0
36934
54455
19536
0
0
36934
54455
18863
37625
0
36934
54455
18863
37625
0
36934
54455
18863
37625
0
0
54455
18863
37625
0
19459
74329
18863
37625
0
19459
74329
38309
37625
0
19459
74329
38336
0
0
19459
74329
38336
0
74507
19459
74329
38336
0
74507
19459
74329
38336
0
74507
19484
0
38336
0
74507
19484
0
52761
0
74507
19484
0
52761
0
74507
19484
0
52761
0
0
19484
0
52761
0
0
19484
0
52761
0
0
19411
71297
52761
0
0
19411
71297
18834
0
0
19411
71297
18834
0
0
19411
71297
18834
0
74634
19411
71297
18834
0
74634
19478
71297
18834
0
74634
19478
0
18834
0
74634
19478
0
74557
0
74634
19478
0
74557
0
74634
19478
0
74557
19535
55770
19478
0
74557
19535
55770
0
0
74557
19535
55770
0
0
74557
19535
55770
0
0
74584
19535
55770
0
0
74584
0
55770
0
0
74584
0
0
0
0
74584
0
0
18711
0
74584
0
0
18711
0
74584
0
0
18711
19459
19454
0
0
18711
19459
19454
53457
0
18711
19459
19454
53457
0
18711
19459
19454
53457
0
56249
19459
19454
53457
0
56249
37625
19454
53457
0
56249
37625
0
53457
0
56249
37625
0
36925
0
56249
37625
0
36925
0
56249
37625
0
36925
19509
18674
37625
0
36925
19509
18674
54382
0
36925
19509
18674
54382
19536
36925
19509
18674
54382
19484
0
19509
18674
54382
19484
0
19509
18674
54382
19484
0
19536
74566
54382
19484
0
19536
74566
71297
19484
0
19536
74566
71297
0
0
19536
74566
71297
0
18834
19536
74566
71297
0
18834
0
74566
71297
0
18834
0
71297
71297
0
18834
0
71297
54935
0
18834
0
71297
54935
19484
18834
0
71297
54935
0
0
0
71297
54935
0
0
56249
71297
54935
0
0
56249
55689
54935
0
0
56249
55689
56045
0
0
56249
55689
56045
0
0
56249
55689
56045
0
36727
56249
55689
56045
0
36727
38328
55689
56045
0
36727
38328
0
56045
0
36727
38328
0
54407
0
36727
38328
0
54407
19478
36727
38328
0
54407
19478
18785
38328
0
54407
19478
0
0
0
54407
19478
0
19459
71650
54407
19478
0
19459
71650
18708
19478
0
19459
71650
19535
70134
0
19459
71650
19535
70134
0
19459
71650
19535
70134
0
19459
71650
19535
70134
0
19509
0
19535
70134
0
19509
0
55028
70134
0
19509
0
55028
18674
0
19509
0
55028
18674
74760
19509
0
55028
18674
74760
19509
0
55028
18674
74760
0
18756
55028
18674
74760
0
0
73632
18674
74760
0
0
73632
19536
74760
0
0
73632
0
0
0
0
73632
0
0
0
0
73632
0
0
0
0
73632
0
0
0
18708
19478
0
0
0
18708
19478
0
0
0
18708
19478
0
36134
0
18708
19478
0
36134
18708
19478
0
36134
34754
19478
0
36134
34754
37625
0
36134
34754
37625
0
36134
34754
37625
0
0
34754
37625
0
19459
73717
34754
37625
0
19459
73717
18863
37625
0
19459
73717
0
75956
0
19459
73717
0
75956
36883
19459
73717
0
75956
36883
0
73717
0
75956
36883
36885
54949
0
75956
36883
36885
54949
0
75956
36883
36885
54949
0
19535
36883
36885
54949
0
19536
54077
36885
54949
0
19536
54077
56509
54949
0
19536
54077
56509
0
0
19536
54077
56509
0
0
19536
54077
56509
0
0
19536
54077
56509
0
0
0
0
56509
0
0
0
0
38353
0
0
0
0
38353
0
0
0
0
38353
0
0
0
0
38353
0
0
55114
0
38353
0
0
55114
18834
38353
0
0
55114
18687
0
0
0
55114
18687
0
35527
0
55114
18687
0
35527
0
55114
18687
0
35527
19536
73759
18687
0
35527
19536
73759
72221
0
35527
19536
73759
72221
0
35527
19536
73759
72221
0
17153
19536
73759
72221
0
17153
19536
73759
72221
0
17153
0
19536
72221
0
17153
0
0
0
0
17153
0
0
0
0
17153
0
0
0
0
0
0
0
0
0
18785
55718
0
0
0
18785
55718
18834
0
0
18785
55718
18834
73087
0
18785
55718
18834
73087
18834
18785
55718
18834
73087
18834
18928
55718
18834
73087
18834
37009
54407
18834
73087
18834
37009
54407
17977
73087
18834
37009
54407
17977
54396
18834
37009
54407
17977
54396
0
37009
54407
17977
54396
0
19561
54407
17977
54396
0
18837
75654
17977
54396
0
18837
75654
18834
54396
0
18837
75654
18834
55105
0
18837
75654
18834
55105
0
18837
75654
18834
55105
0
75209
75654
18834
55105
0
75209
0
18834
55105
0
75209
0
0
55105
0
75209
0
0
19478
0
75209
0
0
19478
75905
75209
0
0
19478
75905
54759
0
0
19478
75905
54759
0
0
19478
75905
54759
0
75050
19478
75905
54759
0
75050
0
75905
54759
0
75050
0
75701
54759
0
75050
0
75701
0
0
75050
0
75701
0
37377
75050
0
75701
0
34603
69878
0
75701
0
34603
69878
0
75701
0
34603
69878
0
74691
0
34603
69878
0
74691
0
34603
69878
0
74691
0
0
69878
0
74691
0
0
0
0
74691
0
0
0
0
74691
0
0
0
0
0
0
0
0
0
0
71722
0
0
0
0
71722
0
0
0
0
71722
0
0
0
0
71722
0
0
0
0
71722
0
0
0
36647
71722
0
0
0
36647
0
0
0
0
36647
0
19478
0
0
36647
0
19478
0
0
36647
0
19478
19536
54077
36647
0
19478
19536
54077
56509
0
19478
19536
54077
56509
18708
19478
19536
54077
56509
0
0
19536
54077
56509
0
0
75956
54077
56509
0
0
75956
36883
56509
0
0
75956
36883
0
0
0
75956
36883
0
54396
0
75956
36883
0
54396
0
75956
36883
0
54396
19459
73531
36883
0
54396
19459
73531
0
54396
19459
73531
18063
54396
19459
73531
19459
75624
19459
73531
19459
75624
73531
19459
75624
0
19459
75624
0
55621
19459
75624
0
55621
19459
75624
0
55621
0
0
0
55621
0
0
0
0
55621
0
0
0
18782
55621
0
0
0
18782
55682
0
0
0
18782
55682
54339
0
0
18782
55682
54339
0
0
18782
55682
54339
0
54142
18782
55682
54339
0
54142
73964
55682
54339
0
54142
73964
38353
54339
0
54142
73964
38353
0
0
54142
73964
38353
0
0
54142
73964
38353
0
0
36254
73964
38353
0
0
36254
56961
38353
0
0
36254
56961
0
0
0
36254
56961
18066
75909
0
36254
56961
18066
75909
0
36254
56961
18066
75909
0
53106
56961
18066
75909
0
53106
0
18066
75909
0
53106
0
19478
75909
0
53106
0
19478
0
0
53106
0
19478
0
54793
53106
0
19478
0
54793
55689
0
19478
0
54793
55689
36998
19478
0
54793
55689
36998
75700
0
54793
55689
36998
75700
72442
54793
55689
36998
75700
72442
71722
55689
36998
75700
72442
71722
37493
36998
75700
72442
71722
37493
74382
75700
72442
71722
37493
74382
19459
72442
71722
37493
74382
0
0
71722
37493
74382
0
0
76061
37493
74382
0
0
76061
56232
74382
0
0
76061
56232
0
0
0
76061
56232
0
0
0
76061
56232
0
0
54232
76061
56232
0
0
54232
19459
56232
0
0
54232
18009
74684
0
0
54232
18009
74684
0
0
54232
18009
74684
0
0
54232
18009
74684
0
0
0
18009
74684
0
0
0
54963
74684
0
0
0
54963
55082
0
0
0
54963
55082
0
0
0
54963
55082
0
72995
0
54963
55082
0
72995
73489
54963
55082
0
72995
73489
0
55082
0
72995
73489
0
0
0
72995
73489
0
0
0
72995
73489
0
0
0
0
73489
0
0
0
0
0
0
0
0
0
0
71601
0
0
0
0
71601
56935
0
0
0
71601
56935
0
0
0
71601
56935
19535
0
0
71601
56935
19535
0
19536
71601
56935
19535
0
0
36783
56935
19535
0
0
36783
0
19535
0
0
36783
0
19535
0
0
36783
0
19561
71601
0
36783
0
19561
71601
0
36783
0
19561
71601
19509
0
0
19561
71601
19509
0
56482
19561
71601
19509
0
56482
0
71601
19509
0
56482
0
54265
19509
0
56482
0
54265
34756
0
56482
0
54265
34756
0
56482
0
54265
34756
0
72366
0
54265
34756
0
72366
0
54265
34756
0
72366
0
19399
34756
0
72366
0
19399
71690
0
72366
0
19399
71690
71319
72366
0
19399
71690
71319
0
0
19399
71690
71319
0
56434
19399
71690
71319
0
56434
0
71690
71319
0
56434
0
19536
71319
0
56434
0
18834
38172
0
56434
0
18834
38172
0
56434
0
18834
38172
36938
55569
0
18834
38172
36938
55569
73054
18834
38172
36938
55569
73054
18834
38172
36938
55569
73054
0
74534
36938
55569
73054
0
74534
52890
55569
73054
0
74534
52890
19536
73054
0
74534
52890
0
0
0
74534
52890
0
0
36307
74534
52890
0
0
36307
0
52890
0
0
36307
0
72995
0
0
36307
0
72995
18834
0
36307
0
72995
18834
36932
36307
0
72995
18834
36932
18125
0
72995
18834
36932
18125
0
72995
18834
36932
18125
0
0
18834
36932
18125
0
0
19536
36932
18125
0
0
19535
73156
18125
0
0
19535
73156
0
0
0
19535
73156
0
71719
0
19535
73156
0
71719
0
19535
73156
0
71719
0
74584
73156
0
71719
0
74584
0
0
71719
0
74584
0
19459
71719
0
74584
0
0
55699
0
74584
0
0
55699
38353
74584
0
0
55699
38353
0
0
0
55699
38353
0
0
0
55699
38353
0
0
72964
55699
38353
0
0
72964
0
38353
0
0
72964
37658
0
0
0
72964
37658
0
0
0
72964
37658
0
0
76064
72964
37658
0
0
76064
0
37658
0
0
76064
19561
71601
0
0
76064
19561
71601
0
0
76064
19561
71601
19510
18096
76064
19561
71601
19510
18096
0
19561
71601
19510
18096
19536
36932
71601
19510
18096
19536
36932
0
19510
18096
19536
36932
19509
73088
18096
19536
36932
19509
73088
0
19536
36932
19509
73088
19484
35582
36932
19509
73088
19484
35582
0
19509
73088
19484
35582
0
0
73088
19484
35582
0
0
72665
19484
35582
0
0
72665
0
35582
0
0
72665
0
0
0
0
72665
0
0
71503
0
72665
0
0
71503
19509
72665
0
0
71503
0
19561
0
0
71503
0
0
18839
0
71503
0
0
19509
0
71503
0
0
19509
0
0
0
19509
0
0
0
19509
0
0
0
19509
0
0
0
19509
0
0
0
0
0
0
0
0
0
37391
0
0
0
0
37391
54407
0
0
0
37391
54407
0
0
0
37391
54407
0
37606
0
37391
54407
0
37606
0
37391
54407
0
37606
0
18780
54407
0
37606
0
18780
74457
0
37606
0
18780
74457
74449
37606
0
18780
74457
74449
55689
0
18780
74457
74449
55689
74640
18780
74457
74449
55689
74640
0
74457
74449
55689
74640
0
75906
74449
55689
74640
0
75906
35425
55689
74640
0
75906
35425
36932
74640
0
75906
35425
36932
0
0
75906
35425
36932
0
73613
75906
35425
36932
0
73613
0
35425
36932
0
73613
0
54329
36932
0
73613
0
54329
54194
0
73613
0
54329
54194
35287
73613
0
54329
54194
18824
0
0
54329
54194
18824
0
0
54329
54194
18824
0
0
70750
54194
18824
0
0
70750
0
18824
0
0
70750
0
72439
0
0
70750
0
72439
0
0
70750
0
72439
0
0
70750
0
72439
0
0
0
0
72439
0
0
19629
0
72439
0
0
19629
0
55678
0
0
19629
0
55678
0
0
19629
0
55678
19536
37050
19629
0
55678
19536
37050
0
0
55678
19536
37050
18708
73878
55678
19536
37050
18708
73878
72405
19536
37050
18708
73878
72405
0
37050
18708
73878
72405
0
74212
18708
73878
72405
0
74212
0
73878
72405
0
74212
0
72995
72405
0
74212
0
72995
0
0
74212
0
72995
0
0
74212
0
72995
0
0
73847
0
72995
0
0
73847
0
72995
0
0
73847
19536
52959
0
0
73847
19536
52959
18834
0
73847
19536
52959
18834
54934
73847
19536
52959
18834
54934
0
19536
52959
18834
54934
0
0
52959
18834
54934
0
0
71721
18834
54934
0
0
71721
0
54934
0
0
71721
0
36835
0
0
71721
0
36835
0
0
71721
0
36835
0
0
71721
0
36835
0
0
19459
0
36835
0
0
19459
0
36835
0
0
19459
0
34779
0
0
19459
0
34779
0
0
19459
0
34779
0
0
19459
0
34779
0
0
53689
0
34779
0
0
53689
34779
0
0
53689
19478
0
0
53689
19478
0
0
53689
19478
0
36898
53689
19478
0
36898
0
19478
0
36898
0
0
19478
0
36898
0
0
75076
0
36898
0
0
75076
18785
36898
0
0
75076
0
19561
0
0
75076
0
18708
19478
0
75076
0
18708
19478
0
75076
0
18708
19478
19509
73088
0
18708
19478
19509
73088
36359
18708
19478
19509
73088
36359
17316
19478
19509
73088
36359
17316
0
19509
73088
36359
17316
19509
0
73088
36359
17316
19509
0
18834
36359
17316
19509
0
18834
18708
17316
19509
0
18834
0
0
19509
0
18834
0
0
19509
0
18834
0
0
18785
74970
18834
0
0
18785
74970
18834
0
0
18785
74970
18834
0
0
18785
74970
18834
0
0
18785
74970
18834
0
0
18785
74970
18834
0
0
18708
19478
18834
0
0
18708
19478
74086
0
0
18708
19478
74086
0
18708
19478
74086
0
18708
19478
74086
0
56237
19478
74086
0
56237
56961
74086
0
56237
56961
73987
0
56237
56961
73987
37521
0
56237
56961
73987
37521
0
56237
56961
73987
37521
0
74387
56961
73987
37521
0
74387
54980
73987
37521
0
74387
54980
55762
37521
0
74387
54980
55762
0
0
74387
54980
55762
0
57094
74387
54980
55762
0
57094
18834
54980
55762
0
57094
18834
55762
0
57094
18834
0
0
57094
18834
0
18007
57094
18834
0
18007
56237
18834
0
18007
56237
18007
0
18007
56237
18007
74387
0
18007
56237
18007
74387
55689
18007
56237
18007
74387
55689
0
56237
18007
74387
55689
0
0
18007
74387
55689
0
0
0
74387
55689
0
0
0
0
55689
0
0
0
0
19561
0
0
0
0
0
0
0
0
0
0
0
72366
0
0
0
0
72366
18687
0
0
0
72366
19511
0
0
0
72366
19511
0
0
0
72366
19511
0
0
0
72366
19511
0
0
0
54218
19511
0
0
0
54218
18836
0
0
0
54218
18836
0
0
0
54218
18836
38333
56163
0
54218
18836
38333
56163
0
54218
18836
38333
56163
0
75906
18836
38333
56163
0
75906
0
38333
56163
0
75906
0
74608
56163
0
75906
0
74608
19509
0
75906
0
74608
0
18711
75906
0
74608
0
18063
54396
0
74608
0
18063
54396
0
74608
0
18063
54396
0
54758
0
18063
54396
0
54758
0
18063
54396
0
54758
0
54332
54396
0
54758
0
54332
18834
0
54758
0
54332
18834
17977
54758
0
54332
18834
17977
0
0
54332
18834
17977
0
0
54332
18834
17977
0
0
0
18834
17977
0
0
0
54867
17977
0
0
0
54867
73610
0
0
0
54867
73610
0
0
0
54867
73610
0
18752
0
54867
73610
0
18752
54339
54867
73610
0
18752
54339
0
73610
0
18752
54339
18711
0
0
18752
54339
18711
0
16128
18752
54339
18711
0
0
54265
54339
18711
0
0
54265
75205
18711
0
0
54265
75205
36932
0
0
54265
75205
36932
0
0
54265
75205
36932
0
37600
54265
75205
36932
0
37600
74354
75205
36932
0
37600
74354
0
36932
0
37600
74354
0
0
0
37600
74354
0
0
0
37600
74354
0
0
18710
36846
74354
0
0
18710
36846
37660
0
0
18710
36846
37660
36894
0
18710
36846
37660
36894
0
18710
36846
37660
36894
0
18710
36846
37660
36894
0
0
52813
37660
36894
0
0
52813
0
36894
0
0
52813
0
0
0
0
52813
0
0
0
0
52813
0
0
0
75906
52813
0
0
0
75906
0
0
0
0
75906
0
72995
0
0
75906
0
72995
0
0
75906
0
72995
0
70260
75906
0
72995
0
70260
18834
0
72995
0
70260
18834
18782
72995
0
70260
18834
18782
0
0
70260
18834
18782
0
19536
70260
18834
18782
0
0
0
18834
18782
0
0
0
56554
18782
0
0
0
56554
56533
0
0
0
56554
56533
0
0
0
56554
56533
0
17472
0
56554
56533
0
36885
54949
56554
56533
0
36885
54949
54948
56533
0
36885
54949
54948
0
0
36885
54949
54948
0
0
36885
54949
54948
0
0
56249
54949
54948
0
0
56249
19561
54948
0
0
56249
18839
18855
0
0
56249
18839
18855
0
0
56249
18839
18855
0
73531
56249
18839
18855
0
73531
0
18839
18855
0
73531
18710
37607
18855
0
73531
18710
37607
0
0
73531
18710
37607
0
0
73531
18710
37607
0
36910
52851
18710
37607
0
36910
52851
18710
37607
0
36910
52851
18860
37626
0
36910
52851
18860
37626
0
36910
52851
18860
37626
0
36254
52851
18860
37626
0
36254
0
18860
37626
0
36254
0
75104
37626
0
36254
0
75104
18834
0
36254
0
75104
18834
17977
36254
0
75104
18834
17977
0
0
75104
18834
17977
0
75176
75104
18834
17977
0
75176
19484
18834
17977
0
75176
19536
72419
17977
0
75176
19536
72419
0
0
75176
19536
72419
0
55689
75176
19536
72419
0
55689
0
19536
72419
0
55689
0
35962
72419
0
55689
0
0
0
0
55689
0
0
0
19511
55689
0
0
0
19561
0
0
0
0
19561
0
38351
0
0
19561
0
38351
55689
0
19561
0
38351
55689
75984
19561
0
38351
55689
75984
18106
0
38351
55689
75984
18106
18752
38351
55689
75984
18106
18752
36032
55689
75984
18106
18752
36032
19511
75984
18106
18752
36032
0
56509
18106
18752
36032
0
56509
72995
18752
36032
0
56509
72995
18834
36032
0
56509
72995
18834
55696
0
56509
72995
18834
55696
0
56509
72995
18834
55696
0
75905
72995
18834
55696
0
75905
0
18834
55696
0
75905
0
0
55696
0
75905
0
0
0
0
75905
0
0
38336
18096
75905
0
0
38336
18096
0
0
0
38336
18096
0
0
0
38336
18096
0
0
0
38336
18096
0
0
0
57306
18096
